4.953, -1.0, 0.0, 257.0, -0.15, 0.62, -0.03
4.972, -1.0, 1.0, 257.0, -0.27, 1.2, -0.06
4.993, -1.0, 0.0, 257.0, -0.37, 1.72, -0.08
5.012, -1.0, 1.0, 256.0, -0.47, 2.19, -0.11
5.032, -1.0, 1.0, 257.0, -0.55, 2.61, -0.14
5.054, -1.0, 0.0, 257.0, -0.62, 2.99, -0.16
5.072, -1.0, 0.0, 256.0, -0.71, 3.33, -1.48
5.092, -1.0, 0.0, 257.0, -0.79, 3.63, -2.82
5.112, -1.0, 1.0, 258.0, -0.86, 3.9, -4.16
5.132, -1.0, 1.0, 257.0, -0.9, 4.15, -5.51
5.152, -1.0, 1.0, 257.0, -0.94, 4.37, -6.86
5.174, -1.0, 1.0, 256.0, -0.97, 4.56, -8.23
5.192, -1.0, 1.0, 256.0, -1.0, 4.74, -9.6
5.212, -1.0, 1.0, 258.0, -1.02, 4.89, -10.99
5.232, -1.0, 1.0, 258.0, -1.05, 5.04, -12.38
5.253, -1.0, 0.0, 257.0, -1.07, 5.17, -13.84
5.273, -1.0, 1.0, 256.0, -1.11, 5.28, -15.23
5.296, -1.0, 0.0, 257.0, -1.12, 5.38, -16.62
5.313, 0.0, 1.0, 257.0, -1.15, 5.47, -18.02
5.334, -1.0, 0.0, 257.0, -1.16, 5.53, -19.42
5.353, -1.0, 0.0, 257.0, -1.19, 5.6, -20.81
5.373, -2.0, 0.0, 257.0, -1.22, 5.67, -22.21
5.393, -1.0, 0.0, 257.0, -1.24, 5.75, -23.6
5.415, -1.0, 1.0, 257.0, -1.26, 5.8, -24.98
5.433, -1.0, 1.0, 257.0, -1.26, 5.85, -26.36
5.453, -1.0, 0.0, 256.0, -1.25, 5.89, -27.74
5.473, -1.0, 1.0, 257.0, -1.27, 5.92, -29.11
5.493, -1.0, 1.0, 257.0, -1.26, 5.95, -30.47
5.513, -1.0, 1.0, 256.0, -1.26, 5.98, -31.83
5.535, -1.0, 1.0, 256.0, -1.25, 6.0, -33.17
5.553, -1.0, 1.0, 257.0, -1.24, 6.02, -34.51
5.573, -1.0, 0.0, 257.0, -1.24, 6.03, -35.84
5.594, -1.0, 0.0, 257.0, -1.26, 6.05, -37.16
5.613, -1.0, 0.0, 256.0, -1.28, 6.06, -38.47
5.634, -1.0, 1.0, 257.0, -1.29, 6.07, -39.76
5.655, -1.0, 0.0, 256.0, -1.28, 6.08, -41.05
5.673, -1.0, 1.0, 257.0, -1.29, 6.09, -42.32
5.693, -1.0, 1.0, 258.0, -1.28, 6.1, -43.58
5.713, -1.0, 1.0, 257.0, -1.27, 6.11, -44.82
5.733, -1.0, 0.0, 257.0, -1.26, 6.11, -46.05
5.753, -1.0, 1.0, 257.0, -1.28, 6.11, -47.27
5.775, -1.0, 0.0, 257.0, -1.27, 6.11, -48.47
5.793, -1.0, 1.0, 256.0, -1.28, 6.12, -49.66
5.813, -1.0, 0.0, 257.0, -1.27, 6.11, -50.83
5.833, -1.0, 1.0, 257.0, -1.28, 6.12, -51.98
5.853, -1.0, 1.0, 257.0, -1.27, 6.11, -53.12
5.873, -1.0, 0.0, 257.0, -1.26, 6.11, -54.24
5.895, -1.0, 1.0, 256.0, -1.27, 6.11, -55.35
5.913, -1.0, 1.0, 257.0, -1.26, 6.11, -56.44
5.934, -2.0, 0.0, 257.0, -1.25, 6.11, -57.51
5.953, -2.0, 1.0, 257.0, -1.27, 6.13, -58.57
5.974, -1.0, 1.0, 257.0, -1.26, 6.16, -59.61
5.993, -1.0, 0.0, 257.0, -1.25, 6.15, -60.63
6.016, -1.0, 0.0, 256.0, -1.27, 6.14, -61.64
6.033, -1.0, 1.0, 257.0, -1.28, 6.13, -62.63
6.053, -1.0, 1.0, 257.0, -1.27, 6.12, -63.61
6.073, -1.0, 1.0, 257.0, -1.25, 6.12, -64.57
6.093, 0.0, 1.0, 257.0, -1.25, 6.11, -65.51
6.113, -1.0, 0.0, 257.0, -1.24, 6.08, -66.44
6.135, -1.0, 0.0, 256.0, -1.25, 6.07, -67.35
6.153, -1.0, 0.0, 257.0, -1.26, 6.06, -68.24
6.173, -1.0, 1.0, 257.0, -1.27, 6.06, -69.12
6.193, 0.0, 1.0, 257.0, -1.26, 6.05, -69.98
6.213, -2.0, 1.0, 256.0, -1.25, 6.03, -70.82
6.234, -1.0, 0.0, 257.0, -1.24, 6.04, -71.64
6.255, -1.0, 0.0, 256.0, -1.25, 6.04, -72.45
6.274, -2.0, 2.0, 256.0, -1.26, 6.03, -73.25
6.293, -2.0, 1.0, 257.0, -1.23, 6.05, -74.02
6.313, -1.0, 0.0, 258.0, -1.22, 6.07, -74.78
6.333, 0.0, 0.0, 257.0, -1.23, 6.06, -75.53
6.353, -1.0, 0.0, 257.0, -1.25, 6.03, -76.26
6.375, -1.0, 0.0, 257.0, -1.25, 6.02, -76.98
6.393, -1.0, 1.0, 257.0, -1.26, 6.01, -77.69
6.413, -1.0, 1.0, 257.0, -1.25, 6.01, -78.38
6.433, -1.0, 1.0, 257.0, -1.24, 6.0, -79.06
6.453, -1.0, 1.0, 257.0, -1.23, 5.99, -79.72
6.473, 0.0, 1.0, 257.0, -1.22, 5.98, -80.37
6.495, -1.0, 1.0, 257.0, -1.21, 5.96, -81.0
6.513, -1.0, 0.0, 256.0, -1.2, 5.95, -81.62
6.533, -1.0, 1.0, 257.0, -1.21, 5.95, -82.23
6.553, -1.0, 0.0, 257.0, -1.2, 5.94, -82.82
6.574, -1.0, 1.0, 257.0, -1.22, 5.94, -83.4
6.593, -1.0, 1.0, 257.0, -1.21, 5.94, -83.97
6.616, -1.0, 0.0, 257.0, -1.2, 5.93, -84.53
6.633, -1.0, 1.0, 255.0, -1.21, 5.93, -85.08
6.653, -1.0, 0.0, 257.0, -1.2, 5.93, -85.61
6.673, -1.0, 1.0, 258.0, -1.21, 5.92, -86.14
6.693, -1.0, 1.0, 257.0, -1.21, 5.92, -86.65
6.713, -1.0, 0.0, 256.0, -1.19, 5.91, -87.16
6.735, -1.0, 0.0, 256.0, -1.21, 5.91, -87.65
6.753, -1.0, 1.0, 258.0, -1.22, 5.9, -88.12
6.773, 0.0, 1.0, 257.0, -1.21, 5.89, -88.59
6.793, 0.0, 0.0, 256.0, -1.2, 5.86, -89.03
6.813, -1.0, 0.0, 257.0, -1.21, 5.84, -89.48
6.833, -1.0, 0.0, 257.0, -1.22, 5.84, -89.91
6.855, -1.0, 1.0, 258.0, -1.23, 5.84, -90.33
6.874, -1.0, 1.0, 257.0, -1.22, 5.83, -90.74
6.893, -1.0, 0.0, 256.0, -1.21, 5.83, -91.13
6.914, -1.0, 0.0, 257.0, -1.22, 5.83, -91.52
6.933, 0.0, 0.0, 256.0, -1.23, 5.83, -91.9
6.953, -1.0, 1.0, 257.0, -1.24, 5.8, -92.28
6.975, -1.0, 1.0, 257.0, -1.22, 5.8, -92.64
6.993, -1.0, 0.0, 258.0, -1.21, 5.8, -93.0
7.013, -1.0, 0.0, 256.0, -1.22, 5.8, -93.35
7.033, 0.0, 0.0, 256.0, -1.23, 5.79, -93.7
7.053, -1.0, 1.0, 257.0, -1.23, 5.77, -94.04
7.073, -1.0, 1.0, 258.0, -1.22, 5.77, -94.36
7.095, 0.0, 1.0, 257.0, -1.2, 5.77, -94.68
7.113, -1.0, 0.0, 257.0, -1.19, 5.74, -95.0
7.133, -1.0, 0.0, 256.0, -1.21, 5.74, -95.32
7.153, -1.0, 2.0, 258.0, -1.21, 5.74, -95.63
7.173, -1.0, 1.0, 257.0, -1.18, 5.74, -95.92
7.193, -1.0, 0.0, 256.0, -1.17, 5.74, -96.21
7.216, -1.0, 0.0, 255.0, -1.19, 5.74, -96.5
7.233, -1.0, 0.0, 257.0, -1.2, 5.74, -96.78
7.254, -1.0, 1.0, 258.0, -1.2, 5.73, -97.05
7.273, 0.0, 2.0, 258.0, -1.19, 5.74, -97.31
7.293, -1.0, 1.0, 257.0, -1.16, 5.71, -97.56
7.313, -2.0, 0.0, 256.0, -1.15, 5.71, -97.81
7.335, -1.0, 0.0, 256.0, -1.16, 5.73, -98.06
7.353, -1.0, 1.0, 258.0, -1.18, 5.72, -98.3
7.373, 0.0, 2.0, 257.0, -1.17, 5.72, -98.53
7.393, -1.0, 1.0, 257.0, -1.14, 5.69, -98.75
7.413, -1.0, 0.0, 256.0, -1.13, 5.69, -98.97
7.433, -1.0, 0.0, 256.0, -1.14, 5.69, -99.19
7.455, -1.0, 1.0, 256.0, -1.16, 5.68, -99.4
7.473, -1.0, 2.0, 258.0, -1.14, 5.67, -99.61
7.493, -1.0, 0.0, 256.0, -1.12, 5.68, -99.82
7.515, -2.0, 0.0, 256.0, -1.13, 5.67, -100.02
7.534, -1.0, 1.0, 257.0, -1.15, 5.69, -100.22
7.555, -1.0, 1.0, 257.0, -1.13, 5.68, -100.41
7.575, 0.0, 1.0, 257.0, -1.13, 5.68, -100.59
7.593, 0.0, 1.0, 256.0, -1.12, 5.65, -100.78
7.613, -1.0, 0.0, 257.0, -1.11, 5.63, -100.96
7.634, -1.0, 1.0, 256.0, -1.13, 5.63, -101.13
7.654, -1.0, 1.0, 257.0, -1.12, 5.62, -101.3
7.673, 0.0, 1.0, 257.0, -1.11, 5.61, -101.47
7.695, -1.0, 0.0, 256.0, -1.1, 5.59, -101.63
7.713, -1.0, 0.0, 257.0, -1.12, 5.59, -101.8
7.733, -1.0, 0.0, 256.0, -1.13, 5.59, -101.97
7.754, -1.0, 1.0, 257.0, -1.14, 5.58, -102.13
7.773, 0.0, 1.0, 258.0, -1.13, 5.58, -102.29
7.793, 0.0, 0.0, 256.0, -1.13, 5.56, -102.43
7.815, 0.0, 0.0, 256.0, -1.14, 5.53, -102.58
7.833, -2.0, 0.0, 257.0, -1.15, 5.51, -102.73
7.855, -1.0, 1.0, 258.0, -1.16, 5.53, -102.86
7.873, 0.0, 1.0, 257.0, -1.15, 5.54, -103.0
7.895, -1.0, 1.0, 256.0, -1.14, 5.52, -103.13
7.913, -1.0, 0.0, 256.0, -1.13, 5.52, -103.26
7.936, -1.0, 0.0, 257.0, -1.14, 5.52, -103.39
7.954, -1.0, 1.0, 257.0, -1.15, 5.52, -103.5
7.973, -1.0, 0.0, 257.0, -1.14, 5.52, -103.61
7.994, -1.0, 0.0, 256.0, -1.15, 5.52, -103.72
8.013, -1.0, 0.0, 256.0, -1.16, 5.51, -103.82
8.033, 0.0, 1.0, 257.0, -1.17, 5.51, -103.92
8.055, -1.0, 2.0, 257.0, -1.15, 5.49, -104.02
8.074, -1.0, 0.0, 256.0, -1.12, 5.49, -104.12
8.093, 0.0, 0.0, 257.0, -1.13, 5.48, -104.22
8.114, -1.0, -1.0, 257.0, -1.14, 5.46, -104.31
8.134, -1.0, 1.0, 257.0, -1.17, 5.46, -104.41
8.155, -1.0, 2.0, 257.0, -1.16, 5.46, -104.5
8.175, -1.0, 1.0, 257.0, -1.12, 5.46, -104.58
8.194, 0.0, 0.0, 256.0, -1.11, 5.46, -104.66
8.214, -1.0, 1.0, 256.0, -1.12, 5.44, -104.75
8.235, -1.0, 1.0, 257.0, -1.11, 5.44, -104.82
8.254, -1.0, 1.0, 257.0, -1.1, 5.44, -104.9
8.273, 0.0, 0.0, 256.0, -1.09, 5.44, -104.97
8.295, -1.0, -1.0, 256.0, -1.1, 5.41, -105.05
8.314, -1.0, 1.0, 257.0, -1.14, 5.41, -105.11
8.334, -1.0, 2.0, 257.0, -1.12, 5.41, -105.17
8.353, 0.0, 0.0, 257.0, -1.09, 5.42, -105.22
8.373, -1.0, 0.0, 257.0, -1.1, 5.39, -105.28
8.394, -2.0, 0.0, 256.0, -1.11, 5.4, -105.33
8.415, -1.0, 1.0, 257.0, -1.12, 5.41, -105.39
8.434, -1.0, 1.0, 258.0, -1.11, 5.41, -105.46
8.454, -1.0, 2.0, 257.0, -1.1, 5.41, -105.53
8.474, -1.0, 1.0, 257.0, -1.07, 5.41, -105.6
8.494, -1.0, 0.0, 256.0, -1.06, 5.41, -105.67
8.513, -1.0, 0.0, 256.0, -1.07, 5.4, -105.73
8.536, -1.0, 1.0, 258.0, -1.09, 5.39, -105.8
8.553, 0.0, 1.0, 259.0, -1.08, 5.39, -105.85
8.573, -1.0, 0.0, 256.0, -1.07, 5.37, -105.91
8.594, -1.0, 0.0, 256.0, -1.09, 5.37, -105.97
8.614, -2.0, -1.0, 255.0, -1.1, 5.36, -106.02
8.634, -1.0, 1.0, 258.0, -1.13, 5.39, -106.08
8.655, -1.0, 1.0, 257.0, -1.11, 5.38, -106.14
8.673, -1.0, 0.0, 256.0, -1.1, 5.38, -106.18
8.694, -1.0, -1.0, 256.0, -1.11, 5.37, -106.23
8.714, -1.0, 1.0, 257.0, -1.14, 5.36, -106.27
8.734, -1.0, 2.0, 257.0, -1.12, 5.36, -106.31
8.754, -1.0, 1.0, 257.0, -1.09, 5.35, -106.35
8.775, -1.0, 0.0, 256.0, -1.08, 5.35, -106.39
8.795, -1.0, -1.0, 256.0, -1.09, 5.34, -106.44
8.814, -1.0, 1.0, 256.0, -1.12, 5.33, -106.5
8.835, -1.0, 2.0, 258.0, -1.11, 5.33, -106.55
8.854, -2.0, 2.0, 257.0, -1.07, 5.33, -106.6
8.875, -1.0, -1.0, 256.0, -1.04, 5.35, -106.64
8.895, -2.0, -1.0, 256.0, -1.08, 5.34, -106.7
8.913, -1.0, 0.0, 257.0, -1.11, 5.35, -106.74
8.934, -1.0, 2.0, 258.0, -1.12, 5.34, -106.79
8.954, -1.0, 2.0, 257.0, -1.08, 5.33, -106.83
8.974, -1.0, 0.0, 256.0, -1.05, 5.33, -106.86
8.994, -1.0, 0.0, 256.0, -1.06, 5.32, -106.9
9.015, -1.0, 0.0, 256.0, -1.07, 5.31, -106.94
9.034, -1.0, 1.0, 257.0, -1.08, 5.3, -106.97
9.053, -1.0, 0.0, 257.0, -1.07, 5.29, -107.0
9.074, -1.0, 0.0, 257.0, -1.09, 5.28, -107.03
9.093, -1.0, 0.0, 257.0, -1.09, 5.28, -107.05
9.114, -1.0, 1.0, 257.0, -1.1, 5.27, -107.08
9.136, -1.0, 1.0, 257.0, -1.09, 5.27, -107.1
9.154, -1.0, 1.0, 256.0, -1.08, 5.26, -107.13
9.175, -1.0, 0.0, 257.0, -1.06, 5.26, -107.15
9.194, -1.0, 0.0, 256.0, -1.07, 5.25, -107.17
9.213, 0.0, 1.0, 257.0, -1.08, 5.24, -107.19
9.234, -1.0, 0.0, 257.0, -1.07, 5.21, -107.21
9.255, -1.0, 0.0, 256.0, -1.08, 5.21, -107.23
9.273, 0.0, 0.0, 256.0, -1.09, 5.2, -107.26
9.294, -1.0, 1.0, 257.0, -1.09, 5.17, -107.29
9.314, -1.0, 1.0, 257.0, -1.08, 5.17, -107.31
9.333, 0.0, 1.0, 257.0, -1.07, 5.17, -107.33
9.354, -1.0, 1.0, 257.0, -1.06, 5.15, -107.35
9.375, -1.0, 0.0, 255.0, -1.04, 5.15, -107.38
9.394, -1.0, 0.0, 256.0, -1.05, 5.15, -107.41
9.414, -1.0, 1.0, 257.0, -1.06, 5.14, -107.44
9.435, -1.0, 0.0, 256.0, -1.05, 5.15, -107.47
9.454, -1.0, -1.0, 255.0, -1.06, 5.14, -107.5
9.475, -1.0, 0.0, 256.0, -1.09, 5.14, -107.54
9.495, -1.0, 1.0, 258.0, -1.1, 5.14, -107.57
9.513, 0.0, 2.0, 259.0, -1.08, 5.14, -107.6
9.534, -1.0, 1.0, 256.0, -1.05, 5.12, -107.62
9.554, -1.0, -1.0, 255.0, -1.03, 5.12, -107.65
9.574, -2.0, 0.0, 256.0, -1.07, 5.11, -107.68
9.594, -1.0, 1.0, 258.0, -1.07, 5.13, -107.7
9.615, -1.0, 2.0, 258.0, -1.06, 5.13, -107.73
9.634, -1.0, 1.0, 257.0, -1.03, 5.13, -107.74
9.654, -2.0, -1.0, 255.0, -1.02, 5.13, -107.76
9.674, -1.0, 0.0, 256.0, -1.05, 5.15, -107.77
9.694, -1.0, 1.0, 258.0, -1.06, 5.13, -107.79
9.714, -1.0, 2.0, 259.0, -1.05, 5.13, -107.8
9.735, -1.0, 1.0, 257.0, -1.02, 5.13, -107.82
9.754, -1.0, -1.0, 256.0, -1.01, 5.13, -107.84
9.775, -2.0, 0.0, 255.0, -1.05, 5.12, -107.87
9.794, -2.0, 1.0, 257.0, -1.05, 5.14, -107.9
9.815, -1.0, 2.0, 258.0, -1.04, 5.15, -107.92
9.833, 0.0, 0.0, 257.0, -1.0, 5.15, -107.94
9.856, -2.0, -1.0, 255.0, -1.02, 5.11, -107.97
9.873, -2.0, 0.0, 256.0, -1.05, 5.13, -107.99
9.894, -1.0, 2.0, 258.0, -1.06, 5.14, -108.01
9.914, -1.0, 2.0, 259.0, -1.02, 5.13, -108.03
9.934, -1.0, 1.0, 257.0, -0.99, 5.12, -108.05
9.954, -2.0, 0.0, 254.0, -0.98, 5.11, -108.07
9.975, -1.0, -1.0, 255.0, -1.0, 5.13, -108.09
9.994, -1.0, 1.0, 257.0, -1.03, 5.12, -108.1
10.013, 0.0, 3.0, 259.0, -1.02, 5.11, -108.1
10.034, -1.0, 2.0, 258.0, -0.96, 5.08, -108.1
10.054, -2.0, -1.0, 255.0, -0.94, 5.07, -108.09
10.075, -1.0, -1.0, 255.0, -0.98, 5.09, -108.1
10.095, 0.0, 0.0, 256.0, -1.02, 5.08, -108.11
10.114, 0.0, 2.0, 260.0, -1.02, 5.04, -108.12
10.133, 0.0, 2.0, 259.0, -0.99, 5.02, -108.12
10.153, -1.0, 0.0, 256.0, -0.97, 5.0, -108.13
10.174, -2.0, -2.0, 254.0, -0.98, 4.99, -108.13
10.193, 0.0, 2.0, 259.0, -1.03, 5.01, -108.15
10.215, 0.0, 3.0, 260.0, -0.99, 4.98, -108.15
10.233, 0.0, 1.0, 257.0, -0.94, 4.97, -108.17
10.254, -2.0, -2.0, 254.0, -0.94, 4.94, -108.19
10.274, -2.0, -1.0, 255.0, -1.0, 4.97, -108.21
10.294, -1.0, 2.0, 258.0, -1.03, 4.99, -108.24
10.314, -1.0, 4.0, 259.0, -0.99, 4.98, -108.25
10.335, 0.0, 2.0, 258.0, -0.92, 4.99, -108.27
10.354, -1.0, -1.0, 255.0, -0.9, 4.96, -108.27
10.374, -2.0, -2.0, 255.0, -0.94, 4.96, -108.27
10.393, -1.0, 0.0, 257.0, -1.0, 4.98, -108.28
10.414, 0.0, 3.0, 259.0, -1.01, 4.97, -108.28
10.433, 0.0, 3.0, 258.0, -0.96, 4.95, -108.28
10.456, -2.0, -1.0, 255.0, -0.91, 4.93, -108.28
10.474, -2.0, -2.0, 254.0, -0.95, 4.95, -108.29
10.494, -1.0, -1.0, 255.0, -1.01, 4.97, -108.31
10.513, 0.0, 2.0, 259.0, -1.04, 4.97, -108.33
10.533, 0.0, 4.0, 259.0, -1.0, 4.94, -108.34
10.553, -1.0, 0.0, 256.0, -0.92, 4.92, -108.35
10.575, -2.0, -1.0, 255.0, -0.94, 4.91, -108.36
10.593, 0.0, 2.0, 258.0, -0.98, 4.93, -108.37
10.613, 0.0, 3.0, 260.0, -0.94, 4.9, -108.37
10.634, -1.0, 1.0, 258.0, -0.9, 4.88, -108.37
10.654, -2.0, -1.0, 254.0, -0.9, 4.89, -108.38
10.674, -2.0, -2.0, 255.0, -0.94, 4.91, -108.39
10.695, -1.0, 1.0, 257.0, -1.0, 4.93, -108.4
10.715, -1.0, 4.0, 259.0, -0.98, 4.92, -108.39
10.733, 0.0, 2.0, 258.0, -0.9, 4.91, -108.39
10.755, -1.0, -1.0, 255.0, -0.88, 4.89, -108.38
10.774, -2.0, -2.0, 255.0, -0.93, 4.88, -108.38
10.793, -1.0, 0.0, 257.0, -0.98, 4.9, -108.39
10.815, 0.0, 4.0, 260.0, -0.99, 4.89, -108.39
10.834, -1.0, 3.0, 259.0, -0.92, 4.87, -108.38
10.853, 0.0, 0.0, 255.0, -0.87, 4.87, -108.38
10.874, -2.0, -2.0, 254.0, -0.89, 4.84, -108.39
10.893, -2.0, 0.0, 257.0, -0.95, 4.86, -108.39
10.914, -1.0, 3.0, 259.0, -0.96, 4.87, -108.39
10.935, -1.0, 3.0, 259.0, -0.9, 4.87, -108.39
10.954, -2.0, -2.0, 255.0, -0.86, 4.87, -108.39
10.974, -2.0, -1.0, 255.0, -0.93, 4.89, -108.4
10.993, 0.0, 2.0, 258.0, -0.96, 4.9, -108.41
11.013, 0.0, 3.0, 260.0, -0.93, 4.86, -108.41
11.034, 1.0, 2.0, 256.0, -0.88, 4.84, -108.41
11.056, -2.0, -2.0, 255.0, -0.86, 4.79, -108.41
11.074, -2.0, -1.0, 255.0, -0.93, 4.81, -108.42
11.095, -1.0, 1.0, 258.0, -0.96, 4.83, -108.43
11.113, 0.0, 3.0, 259.0, -0.95, 4.82, -108.43
11.134, -1.0, 2.0, 257.0, -0.89, 4.8, -108.43
11.154, -1.0, -1.0, 256.0, -0.87, 4.79, -108.43
11.175, -2.0, -2.0, 255.0, -0.91, 4.78, -108.44
11.194, -1.0, 1.0, 257.0, -0.97, 4.8, -108.45
11.214, -1.0, 3.0, 260.0, -0.95, 4.79, -108.45
11.233, 0.0, 2.0, 258.0, -0.9, 4.79, -108.45
11.254, -1.0, 0.0, 255.0, -0.88, 4.76, -108.45
11.274, -2.0, -2.0, 254.0, -0.89, 4.76, -108.45
11.295, -1.0, 0.0, 255.0, -0.95, 4.78, -108.46
11.314, -1.0, 2.0, 259.0, -0.96, 4.77, -108.48
11.334, 1.0, 1.0, 256.0, -0.93, 4.77, -108.48
11.355, -2.0, -1.0, 254.0, -0.92, 4.71, -108.49
11.374, -1.0, 0.0, 256.0, -0.96, 4.74, -108.51
11.395, 0.0, 1.0, 259.0, -0.96, 4.73, -108.52
11.415, 1.0, 4.0, 258.0, -0.95, 4.7, -108.53
11.433, -1.0, 0.0, 256.0, -0.87, 4.66, -108.53
11.454, -1.0, -1.0, 254.0, -0.89, 4.66, -108.55
11.474, -1.0, -1.0, 255.0, -0.93, 4.66, -108.56
11.494, -1.0, 2.0, 258.0, -0.96, 4.66, -108.58
11.513, 0.0, 4.0, 259.0, -0.92, 4.66, -108.58
11.535, 0.0, 1.0, 256.0, -0.85, 4.64, -108.59
11.554, -2.0, -2.0, 254.0, -0.84, 4.62, -108.6
11.574, -2.0, -1.0, 255.0, -0.9, 4.65, -108.61
11.594, -1.0, 2.0, 258.0, -0.93, 4.67, -108.62
11.614, -1.0, 3.0, 259.0, -0.9, 4.67, -108.62
11.633, 0.0, 1.0, 257.0, -0.85, 4.67, -108.62
11.655, -1.0, -2.0, 255.0, -0.85, 4.65, -108.63
11.674, -1.0, -2.0, 254.0, -0.91, 4.65, -108.63
11.695, -1.0, 2.0, 258.0, -0.96, 4.65, -108.62
11.714, 0.0, 4.0, 245.0, -0.93, 4.65, -108.61
11.735, -1.0, -2.0, 255.0, -0.87, 4.68, -108.61
11.754, -2.0, -3.0, 254.0, -0.93, 4.67, -108.61
11.776, -1.0, 0.0, 256.0, -1.01, 4.69, -108.61
11.794, -1.0, 4.0, 259.0, -1.0, 4.67, -108.61
11.813, 0.0, 3.0, 260.0, -0.92, 4.67, -108.61
11.834, -1.0, 1.0, 255.0, -0.87, 4.65, -108.61
11.854, -5.0, 0.0, 254.0, -0.86, 4.64, -108.62
11.874, -1.0, -2.0, 256.0, -0.88, 4.73, -108.62
11.895, -1.0, 1.0, 258.0, -0.93, 4.7, -108.63
11.913, 0.0, 2.0, 259.0, -0.92, 4.69, -108.63
11.934, -1.0, 1.0, 258.0, -0.89, 4.66, -108.63
11.954, -3.0, 0.0, 254.0, -0.88, 4.65, -108.65
11.974, -2.0, -2.0, 254.0, -0.89, 4.69, -108.65
11.995, -2.0, 0.0, 258.0, -0.95, 4.71, -108.66
12.015, -4.0, 4.0, 260.0, -0.95, 4.72, -108.67
12.034, -7.0, 5.0, 259.0, -0.87, 4.78, -108.68
12.054, -10.0, 2.0, 255.0, -0.78, 4.89, -108.69
12.075, -11.0, 1.0, 254.0, -0.76, 5.05, -108.72
12.094, -10.0, -1.0, 255.0, -0.75, 5.23, -108.76
12.114, -4.0, 2.0, 260.0, -0.77, 5.38, -108.78
12.135, -5.0, 3.0, 252.0, -0.75, 5.37, -108.78
12.154, -5.0, 1.0, 257.0, -0.72, 5.37, -108.77
12.174, -2.0, 0.0, 255.0, -0.74, 5.35, -108.76
12.193, -5.0, 1.0, 266.0, -0.77, 5.28, -108.76
12.214, -6.0, -3.0, 247.0, -0.75, 5.33, -108.78
12.234, -2.0, -5.0, 256.0, -0.82, 5.4, -108.78
12.255, -7.0, 1.0, 246.0, -0.96, 5.29, -108.74
12.274, -6.0, -1.0, 257.0, -0.98, 5.32, -108.68
12.294, -10.0, 3.0, 257.0, -1.01, 5.28, -108.63
12.313, -6.0, 6.0, 259.0, -0.92, 5.4, -108.63
12.335, -6.0, 1.0, 241.0, -0.77, 5.35, -108.63
12.354, -3.0, 5.0, 278.0, -0.77, 5.44, -108.65
12.376, 3.0, -2.0, 248.0, -0.69, 5.41, -108.62
12.393, -2.0, -2.0, 267.0, -0.78, 5.25, -108.57
12.414, -1.0, 1.0, 250.0, -0.84, 5.21, -108.52
12.433, -7.0, 3.0, 257.0, -0.82, 5.16, -108.49
12.454, -5.0, 3.0, 256.0, -0.73, 5.21, -108.47
12.473, -2.0, 0.0, 275.0, -0.66, 5.23, -108.43
12.495, 0.0, -3.0, 241.0, -0.69, 5.22, -108.37
12.514, -2.0, 1.0, 272.0, -0.8, 5.16, -108.31
12.534, -3.0, 4.0, 257.0, -0.79, 5.21, -108.25
12.553, -3.0, -1.0, 257.0, -0.68, 5.21, -108.2
12.574, -5.0, 1.0, 262.0, -0.69, 5.22, -108.16
12.594, -3.0, 0.0, 253.0, -0.68, 5.25, -108.11
12.615, 1.0, 1.0, 270.0, -0.72, 5.22, -108.04
12.634, 2.0, 6.0, 258.0, -0.74, 5.17, -107.99
12.653, 0.0, 0.0, 247.0, -0.59, 5.1, -107.93
12.675, -5.0, 5.0, 254.0, -0.62, 5.09, -107.91
12.694, -7.0, 4.0, 252.0, -0.52, 5.13, -107.88
12.713, -2.0, 0.0, 278.0, -0.44, 5.28, -107.85
12.735, 15.0, -6.0, 238.0, -0.46, 5.29, -107.79
12.753, 6.0, 2.0, 280.0, -0.66, 5.01, -107.72
12.774, -2.0, 15.0, 254.0, -0.69, 4.94, -107.65
12.794, -9.0, 16.0, 233.0, -0.39, 4.9, -107.59
12.814, -6.0, 6.0, 255.0, -0.15, 5.12, -107.6
12.834, -4.0, -5.0, 264.0, -0.09, 5.16, -107.63
12.855, 2.0, -11.0, 253.0, -0.27, 5.13, -107.65
12.874, -6.0, 15.0, 281.0, -0.58, 5.0, -107.63
12.894, -5.0, 12.0, 256.0, -0.35, 5.18, -107.61
12.913, -6.0, 1.0, 263.0, -0.16, 5.16, -107.62
12.933, 2.0, 2.0, 235.0, -0.24, 5.31, -107.67
12.954, -4.0, -8.0, 219.0, -0.23, 5.22, -107.71
12.976, -13.0, 9.0, 300.0, -0.42, 5.37, -107.76
12.994, -4.0, -11.0, 238.0, -0.34, 5.64, -107.75
13.015, -15.0, 14.0, 262.0, -0.63, 5.67, -107.74
13.033, -7.0, 2.0, 265.0, -0.36, 5.89, -107.7
13.053, -5.0, 6.0, 224.0, -0.4, 5.85, -107.69
13.074, -15.0, 15.0, 298.0, -0.37, 5.86, -107.74
13.095, -3.0, -3.0, 222.0, -0.19, 5.97, -107.79
13.114, 3.0, -12.0, 289.0, -0.32, 6.0, -107.82
13.134, -4.0, -1.0, 251.0, -0.59, 5.84, -107.82
13.153, -3.0, -4.0, 259.0, -0.67, 5.71, -107.78
13.174, -7.0, 9.0, 254.0, -0.8, 5.59, -107.77
13.194, -4.0, 8.0, 252.0, -0.61, 5.49, -107.74
13.215, -6.0, 13.0, 261.0, -0.46, 5.44, -107.78
13.233, 8.0, -1.0, 236.0, -0.18, 5.37, -107.81
13.254, -2.0, -5.0, 241.0, -0.27, 5.2, -107.85
13.274, -3.0, -4.0, 294.0, -0.43, 5.15, -107.83
13.294, -3.0, 9.0, 226.0, -0.56, 5.24, -107.82
13.315, -7.0, 11.0, 279.0, -0.43, 5.37, -107.82
13.335, 2.0, 2.0, 243.0, -0.23, 5.5, -107.85
13.353, -2.0, 4.0, 270.0, -0.26, 5.42, -107.89
13.373, -2.0, 4.0, 283.0, -0.22, 5.41, -107.92
13.393, 2.0, 0.0, 247.0, -0.19, 5.46, -107.94
13.413, 3.0, -3.0, 266.0, -0.26, 5.37, -107.92
13.434, -12.0, 9.0, 257.0, -0.41, 5.24, -107.91
13.455, -2.0, -2.0, 258.0, -0.27, 5.46, -107.89
13.474, -7.0, 5.0, 240.0, -0.36, 5.37, -107.88
13.494, -6.0, -3.0, 251.0, -0.29, 5.45, -107.86
13.513, 1.0, -1.0, 274.0, -0.42, 5.45, -107.83
13.534, -5.0, -4.0, 277.0, -0.51, 5.45, -107.77
13.554, 7.0, 8.0, 216.0, -0.61, 5.48, -107.69
13.575, -12.0, 6.0, 252.0, -0.54, 5.36, -107.61
13.594, -14.0, 19.0, 279.0, -0.45, 5.58, -107.58
13.615, -2.0, -4.0, 246.0, -0.16, 5.74, -107.51
13.633, -2.0, 4.0, 261.0, -0.31, 5.63, -107.48
13.655, -5.0, 4.0, 251.0, -0.24, 5.46, -107.41
13.673, 1.0, 4.0, 262.0, -0.26, 5.36, -107.33
13.696, -5.0, 11.0, 232.0, -0.27, 5.15, -107.27
13.713, -1.0, 6.0, 273.0, -0.15, 5.19, -107.19
13.734, 2.0, 4.0, 251.0, -0.1, 5.0, -107.14
13.754, -1.0, 1.0, 284.0, -0.07, 4.82, -107.12
13.774, 4.0, -1.0, 270.0, -0.11, 4.81, -107.08
13.793, -1.0, 2.0, 265.0, -0.17, 4.63, -107.02
13.815, -5.0, 8.0, 245.0, -0.17, 4.62, -106.95
13.833, -1.0, 7.0, 295.0, -0.08, 4.72, -106.89
13.854, 0.0, 7.0, 252.0, -0.05, 4.81, -106.81
13.874, 4.0, 6.0, 254.0, 0.01, 4.79, -106.75
13.894, 3.0, 2.0, 257.0, 0.08, 4.75, -106.69
13.915, 9.0, -10.0, 246.0, 0.05, 4.62, -106.63
13.935, -3.0, 1.0, 275.0, -0.26, 4.47, -106.57
13.954, 0.0, -2.0, 258.0, -0.31, 4.54, -106.48
13.974, -7.0, 6.0, 241.0, -0.4, 4.47, -106.39
13.995, -8.0, 12.0, 264.0, -0.31, 4.64, -106.31
14.014, -11.0, 2.0, 209.0, -0.08, 4.86, -106.23
14.034, -2.0, -2.0, 197.0, -0.12, 5.12, -106.11
14.055, -19.0, 19.0, 338.0, -0.21, 5.21, -106.0
14.074, 3.0, -3.0, 234.0, -0.19, 5.72, -105.9
14.093, 5.0, -6.0, 212.0, -0.35, 5.55, -105.78
14.114, -11.0, 14.0, 314.0, -0.54, 5.44, -105.65
14.134, -1.0, 10.0, 227.0, -0.44, 5.61, -105.55
14.153, 1.0, 8.0, 276.0, -0.32, 5.51, -105.48
14.175, 1.0, 1.0, 241.0, -0.21, 5.34, -105.45
14.194, 3.0, 1.0, 239.0, -0.2, 5.17, -105.43
14.213, -2.0, 2.0, 281.0, -0.21, 4.96, -105.4
14.234, 1.0, -1.0, 273.0, -0.22, 4.95, -105.34
14.254, 5.0, 2.0, 256.0, -0.28, 4.85, -105.26
14.274, 4.0, 9.0, 242.0, -0.27, 4.57, -105.19
14.296, -11.0, 27.0, 309.0, -0.14, 4.57, -105.17
14.313, 3.0, 7.0, 225.0, 0.13, 4.83, -105.17
14.334, -5.0, 15.0, 252.0, 0.16, 4.82, -105.19
14.354, -5.0, 10.0, 304.0, 0.34, 5.03, -105.21
14.374, 8.0, -14.0, 208.0, 0.37, 5.09, -105.18
14.394, -8.0, 1.0, 226.0, 0.06, 5.17, -105.16
14.415, 1.0, 4.0, 218.0, -0.01, 5.33, -105.11
14.434, -13.0, 17.0, 288.0, -0.03, 5.33, -105.04
14.453, -2.0, 8.0, 271.0, 0.17, 5.58, -104.99
14.474, 9.0, -1.0, 224.0, 0.2, 5.59, -104.95
14.493, -1.0, 9.0, 244.0, 0.1, 5.37, -104.91
14.514, -13.0, 8.0, 295.0, 0.19, 5.26, -104.86
14.535, -5.0, -4.0, 233.0, 0.19, 5.57, -104.83
14.555, -6.0, 2.0, 242.0, -0.01, 5.56, -104.75
14.574, -8.0, 10.0, 277.0, -0.06, 5.51, -104.65
14.595, -1.0, 7.0, 217.0, 0.04, 5.44, -104.56
14.614, -11.0, 10.0, 253.0, 0.06, 5.37, -104.5
14.633, -5.0, 9.0, 264.0, 0.2, 5.45, -104.46
14.655, 7.0, -8.0, 229.0, 0.29, 5.21, -104.4
14.674, -3.0, 10.0, 305.0, 0.05, 5.06, -104.36
14.693, 6.0, 3.0, 256.0, 0.1, 5.1, -104.28
14.713, 1.0, 4.0, 273.0, 0.08, 4.78, -104.21
14.733, 6.0, 7.0, 275.0, 0.05, 4.68, -104.13
14.754, 15.0, 2.0, 268.0, 0.06, 4.6, -104.03
14.775, 10.0, 4.0, 230.0, -0.01, 4.26, -103.93
14.794, 10.0, 8.0, 265.0, -0.05, 4.29, -103.83
14.814, 8.0, -4.0, 227.0, 0.03, 4.12, -103.69
14.834, -1.0, 4.0, 260.0, -0.12, 4.11, -103.58
14.854, 0.0, 9.0, 249.0, -0.08, 4.19, -103.47
14.874, 7.0, 0.0, 249.0, 0.06, 4.15, -103.35
14.896, -4.0, 6.0, 277.0, -0.03, 4.01, -103.26
14.914, -1.0, 9.0, 272.0, -0.03, 4.22, -103.17
14.935, 10.0, -6.0, 226.0, 0.05, 4.33, -103.06
14.954, -10.0, 15.0, 235.0, -0.14, 4.17, -102.97
14.973, -9.0, 9.0, 291.0, 0.09, 4.39, -102.89
14.993, -6.0, 7.0, 261.0, 0.16, 4.62, -102.87
15.015, -5.0, -4.0, 221.0, 0.23, 4.64, -102.84
15.034, -18.0, 12.0, 265.0, 0.1, 4.79, -102.83
15.053, -6.0, 8.0, 257.0, 0.28, 5.04, -102.79
15.074, -2.0, 10.0, 259.0, 0.36, 4.91, -102.76
15.094, -4.0, 14.0, 267.0, 0.42, 4.78, -102.74
15.114, 2.0, 10.0, 261.0, 0.53, 4.69, -102.71
15.135, -4.0, 11.0, 251.0, 0.55, 4.44, -102.72
15.154, 3.0, 14.0, 259.0, 0.62, 4.38, -102.7
15.173, 5.0, -2.0, 278.0, 0.74, 4.17, -102.68
15.195, 12.0, -12.0, 243.0, 0.49, 4.08, -102.65
15.214, 9.0, -7.0, 250.0, 0.07, 3.87, -102.59
15.235, 2.0, -6.0, 259.0, -0.18, 3.61, -102.51
15.255, 1.0, 4.0, 274.0, -0.34, 3.62, -102.41
15.275, -2.0, 5.0, 240.0, -0.27, 3.72, -102.33
15.293, 3.0, 3.0, 259.0, -0.18, 3.8, -102.26
15.314, 7.0, -3.0, 267.0, -0.13, 3.74, -102.2
15.334, 8.0, 9.0, 266.0, -0.25, 3.66, -102.12
15.354, 2.0, 8.0, 271.0, -0.12, 3.61, -102.01
15.375, -4.0, 12.0, 223.0, -0.03, 3.63, -101.9
15.394, -11.0, 15.0, 267.0, 0.07, 3.86, -101.81
15.414, -10.0, 12.0, 266.0, 0.25, 4.13, -101.75
15.433, 0.0, 6.0, 216.0, 0.34, 4.23, -101.71
15.453, -9.0, 3.0, 306.0, 0.27, 4.41, -101.69
15.473, -3.0, 2.0, 264.0, 0.18, 4.66, -101.68
15.495, -4.0, 1.0, 235.0, 0.12, 4.71, -101.64
15.513, 0.0, 3.0, 228.0, 0.07, 4.76, -101.6
15.535, -8.0, 3.0, 242.0, 0.05, 4.76, -101.57
15.554, -5.0, 5.0, 260.0, 0.03, 4.9, -101.57
15.575, 2.0, 5.0, 234.0, 0.1, 4.89, -101.53
15.594, -1.0, 5.0, 266.0, 0.16, 4.85, -101.5
15.616, -6.0, 6.0, 252.0, 0.21, 4.8, -101.46
15.633, -7.0, 0.0, 261.0, 0.25, 4.74, -101.39
15.654, -4.0, 1.0, 259.0, 0.12, 4.69, -101.29
15.674, 2.0, 1.0, 245.0, -0.0, 4.63, -101.17
15.693, -6.0, 7.0, 266.0, -0.1, 4.47, -101.03
15.714, -8.0, 6.0, 251.0, -0.04, 4.48, -100.91
15.735, -3.0, 6.0, 263.0, 0.01, 4.53, -100.8
15.754, -6.0, 2.0, 269.0, 0.06, 4.49, -100.69
15.773, -3.0, 0.0, 261.0, 0.01, 4.6, -100.56
15.794, 5.0, 1.0, 240.0, -0.05, 4.55, -100.4
15.813, -4.0, 5.0, 277.0, -0.1, 4.5, -100.25
15.835, 7.0, 0.0, 255.0, -0.06, 4.61, -100.1
15.855, 2.0, -1.0, 253.0, -0.13, 4.36, -99.95
15.875, -9.0, 18.0, 289.0, -0.21, 4.41, -99.85
15.893, -2.0, 9.0, 212.0, 0.06, 4.66, -99.75
15.913, -9.0, 14.0, 286.0, 0.19, 4.79, -99.69
15.933, -7.0, -2.0, 217.0, 0.42, 5.01, -99.64
15.953, -16.0, 5.0, 266.0, 0.35, 5.12, -99.59
15.975, -12.0, 11.0, 304.0, 0.37, 5.46, -99.55
15.993, -5.0, 8.0, 201.0, 0.43, 5.75, -99.46
16.014, -6.0, 13.0, 247.0, 0.46, 5.76, -99.35
16.034, -14.0, 26.0, 340.0, 0.63, 5.71, -99.26
16.053, 2.0, 5.0, 184.0, 0.68, 6.08, -99.21
16.074, 1.0, 12.0, 240.0, 0.57, 6.08, -99.15
16.095, 2.0, 11.0, 280.0, 0.63, 5.83, -99.11
16.113, 4.0, 5.0, 240.0, 0.68, 5.57, -99.06
16.133, -7.0, -3.0, 298.0, 0.62, 5.24, -99.02
16.153, 3.0, -7.0, 245.0, 0.41, 5.22, -98.96
16.174, 4.0, -5.0, 249.0, 0.1, 4.88, -98.89
16.193, 2.0, 9.0, 284.0, -0.12, 4.62, -98.83
16.216, 2.0, 16.0, 237.0, -0.01, 4.54, -98.8
16.233, 9.0, 4.0, 223.0, 0.27, 4.46, -98.75
16.253, 5.0, 6.0, 268.0, 0.28, 4.33, -98.72
16.274, -2.0, 12.0, 285.0, 0.3, 4.23, -98.71
16.293, 6.0, 5.0, 240.0, 0.39, 4.29, -98.67
16.313, -4.0, 20.0, 289.0, 0.35, 4.1, -98.63
16.335, 1.0, 17.0, 273.0, 0.56, 4.28, -98.63
16.353, 2.0, 4.0, 233.0, 0.76, 4.31, -98.63
16.373, 3.0, 7.0, 248.0, 0.69, 4.28, -98.63
16.393, 0.0, 2.0, 279.0, 0.68, 4.2, -98.61
16.413, 5.0, -2.0, 223.0, 0.55, 4.22, -98.59
16.433, -1.0, 0.0, 266.0, 0.37, 4.14, -98.55
16.455, -4.0, 2.0, 289.0, 0.25, 4.16, -98.52
16.474, -2.0, 1.0, 260.0, 0.2, 4.34, -98.49
16.493, -6.0, 2.0, 254.0, 0.16, 4.32, -98.44
16.514, -6.0, 5.0, 264.0, 0.14, 4.3, -98.41
16.533, -7.0, 3.0, 270.0, 0.19, 4.37, -98.4
16.555, -8.0, 10.0, 218.0, 0.17, 4.45, -98.39
16.575, -2.0, 7.0, 257.0, 0.27, 4.65, -98.37
16.593, -6.0, 9.0, 267.0, 0.33, 4.52, -98.36
16.614, -4.0, 10.0, 270.0, 0.42, 4.53, -98.34
16.633, 3.0, 6.0, 232.0, 0.49, 4.42, -98.31
16.653, -4.0, 6.0, 247.0, 0.43, 4.3, -98.29
16.673, -5.0, 8.0, 254.0, 0.4, 4.27, -98.25
16.695, -5.0, 6.0, 266.0, 0.45, 4.2, -98.22
16.713, -4.0, 9.0, 273.0, 0.47, 4.18, -98.2
16.733, -4.0, 8.0, 264.0, 0.53, 4.15, -98.2
16.753, -1.0, 7.0, 264.0, 0.55, 4.13, -98.19
16.774, -7.0, 10.0, 271.0, 0.53, 4.08, -98.18
16.793, -6.0, 6.0, 253.0, 0.58, 4.19, -98.16
16.816, 1.0, 0.0, 254.0, 0.57, 4.24, -98.12
16.834, 29.0, -15.0, 304.0, 0.39, 4.19, -98.02
16.854, 8.0, -7.0, 215.0, 0.01, 4.01, -97.91
16.873, 5.0, 2.0, 249.0, -0.2, 4.01, -97.8
16.894, 21.0, -13.0, 298.0, -0.2, 4.06, -97.65
16.914, -3.0, 10.0, 237.0, -0.42, 3.92, -97.54
16.935, 9.0, -7.0, 251.0, -0.18, 4.09, -97.39
16.953, -7.0, 4.0, 237.0, -0.3, 3.9, -97.31
16.974, -12.0, 13.0, 251.0, -0.19, 4.16, -97.23
16.994, -11.0, 4.0, 236.0, 0.13, 4.38, -97.14
17.014, -10.0, 16.0, 250.0, 0.19, 4.52, -97.08
17.034, -10.0, 19.0, 288.0, 0.49, 4.72, -97.0
17.055, -10.0, 25.0, 256.0, 0.67, 4.86, -96.98
17.074, -11.0, 19.0, 274.0, 1.04, 4.82, -96.94
17.094, -20.0, 10.0, 300.0, 1.13, 4.86, -96.96
17.115, -13.0, 10.0, 247.0, 1.01, 5.13, -97.01
17.134, -20.0, 8.0, 250.0, 1.03, 5.23, -97.09
17.155, -14.0, 1.0, 260.0, 1.06, 5.48, -97.18
17.175, -19.0, -3.0, 257.0, 0.98, 5.6, -97.28
17.195, -11.0, 2.0, 257.0, 0.78, 5.73, -97.37
17.213, -7.0, 4.0, 269.0, 0.66, 5.67, -97.43
17.233, -8.0, 9.0, 228.0, 0.56, 5.54, -97.47
17.254, -6.0, 12.0, 294.0, 0.57, 5.48, -97.49
17.273, 0.0, 7.0, 248.0, 0.61, 5.42, -97.51
17.295, 7.0, 7.0, 271.0, 0.6, 5.3, -97.5
17.313, 7.0, -5.0, 229.0, 0.56, 5.0, -97.46
17.333, 4.0, -8.0, 249.0, 0.25, 4.81, -97.41
17.354, 21.0, -6.0, 319.0, -0.08, 4.78, -97.3
17.374, -2.0, 12.0, 223.0, -0.26, 4.62, -97.17
17.394, 13.0, -5.0, 255.0, -0.06, 4.78, -97.01
17.415, 5.0, 1.0, 261.0, -0.2, 4.5, -96.84
17.433, 4.0, -4.0, 223.0, -0.17, 4.35, -96.67
17.454, 13.0, -7.0, 288.0, -0.29, 4.35, -96.5
17.473, 4.0, -2.0, 273.0, -0.42, 4.28, -96.26
17.495, -11.0, 29.0, 198.0, -0.4, 4.31, -96.04
17.514, -8.0, 20.0, 253.0, 0.05, 4.6, -95.89
17.536, 3.0, 23.0, 254.0, 0.53, 4.64, -95.85
17.553, 6.0, 15.0, 292.0, 0.97, 4.5, -95.85
17.574, -13.0, 25.0, 247.0, 1.05, 4.53, -95.87
17.594, -22.0, 16.0, 213.0, 1.41, 4.72, -95.98
17.614, -19.0, 2.0, 251.0, 1.5, 4.97, -96.12
17.633, -2.0, 0.0, 289.0, 1.31, 5.13, -96.25
17.655, -1.0, -1.0, 278.0, 1.05, 5.03, -96.29
17.674, -7.0, 15.0, 234.0, 0.76, 4.83, -96.35
17.694, -7.0, 14.0, 229.0, 0.85, 4.69, -96.41
17.713, 2.0, 11.0, 272.0, 0.92, 4.66, -96.44
17.733, 6.0, 5.0, 295.0, 0.89, 4.49, -96.47
17.754, 3.0, 5.0, 275.0, 0.72, 4.37, -96.5
17.775, -13.0, 12.0, 234.0, 0.58, 4.15, -96.57
17.795, -6.0, -15.0, 245.0, 0.64, 4.28, -96.62
17.814, 35.0, -52.0, 317.0, 0.12, 4.47, -96.57
17.835, -22.0, 24.0, 175.0, -0.6, 4.5, -96.43
17.854, -25.0, 13.0, 194.0, -0.43, 4.98, -96.47
17.874, 19.0, -13.0, 358.0, -0.22, 5.36, -96.5
17.895, -7.0, 12.0, 265.0, -0.29, 5.75, -96.51
17.914, -32.0, 25.0, 160.0, -0.05, 5.85, -96.57
17.933, -9.0, -2.0, 279.0, 0.14, 6.2, -96.69
17.953, -5.0, -3.0, 333.0, 0.1, 6.22, -96.77
17.974, -29.0, 28.0, 244.0, 0.01, 6.54, -96.82
17.994, -25.0, 29.0, 220.0, 0.54, 7.03, -96.85
18.015, -26.0, 13.0, 224.0, 0.9, 7.33, -96.98
18.034, -24.0, 8.0, 245.0, 0.96, 7.54, -97.11
18.054, -27.0, 10.0, 257.0, 0.56, 7.57, -97.26
18.074, -25.0, 9.0, 245.0, 0.54, 7.59, -97.4
18.095, -15.0, 4.0, 266.0, 0.51, 7.64, -97.52
18.114, -14.0, 3.0, 274.0, 0.36, 7.46, -97.62
18.136, -7.0, 4.0, 262.0, 0.2, 7.26, -97.72
18.153, 0.0, -12.0, 273.0, 0.07, 6.95, -97.78
18.173, -9.0, 8.0, 229.0, -0.35, 6.53, -97.87
18.194, 0.0, -12.0, 237.0, -0.35, 6.39, -97.89
18.214, -19.0, 18.0, 153.0, -0.75, 6.55, -97.78
18.233, 4.0, -3.0, 225.0, -0.78, 6.99, -97.7
18.255, 37.0, -26.0, 390.0, -0.81, 6.71, -97.63
18.273, 0.0, -7.0, 213.0, -0.93, 7.24, -97.5
18.294, -4.0, -1.0, 201.0, -1.08, 7.26, -97.43
18.314, 26.0, -24.0, 304.0, -1.13, 7.35, -97.32
18.334, 1.0, 18.0, 243.0, -1.4, 7.03, -97.19
18.354, -25.0, 15.0, 162.0, -0.9, 6.78, -97.05
18.375, -6.0, 2.0, 282.0, -0.77, 7.08, -97.02
18.394, -4.0, 20.0, 281.0, -0.72, 6.94, -97.02
18.414, -4.0, 19.0, 207.0, -0.38, 6.69, -97.04
18.434, 4.0, 9.0, 291.0, -0.16, 6.68, -97.06
18.453, 2.0, 8.0, 270.0, -0.12, 6.32, -97.08
18.473, 4.0, 3.0, 259.0, -0.08, 5.91, -97.09
18.495, 2.0, -6.0, 264.0, -0.2, 5.45, -97.08
18.513, 6.0, -19.0, 287.0, -0.49, 5.2, -97.02
18.534, -20.0, 7.0, 190.0, -0.89, 4.83, -96.99
18.553, 0.0, 1.0, 299.0, -0.82, 5.09, -96.98
18.574, 29.0, -30.0, 337.0, -0.8, 5.23, -96.91
18.594, -10.0, 7.0, 192.0, -1.15, 5.22, -96.91
18.615, 4.0, -4.0, 327.0, -1.09, 5.28, -96.95
18.633, 3.0, 1.0, 287.0, -1.18, 5.38, -96.97
18.654, -24.0, 16.0, 163.0, -1.16, 5.33, -96.99
18.674, -21.0, 5.0, 208.0, -1.07, 5.59, -97.09
18.694, 10.0, -24.0, 357.0, -1.02, 5.81, -97.17
18.714, -13.0, 10.0, 268.0, -1.23, 6.11, -97.24
18.736, -23.0, 25.0, 187.0, -1.01, 6.17, -97.31
18.754, -16.0, 1.0, 215.0, -0.72, 6.48, -97.41
18.774, -7.0, -5.0, 345.0, -0.71, 6.68, -97.45
18.794, -9.0, 15.0, 223.0, -0.88, 6.82, -97.49
18.814, -13.0, 6.0, 169.0, -0.65, 6.65, -97.58
18.834, 14.0, -11.0, 318.0, -0.68, 6.85, -97.63
18.855, 15.0, 0.0, 283.0, -0.89, 6.59, -97.63
18.873, -6.0, -5.0, 208.0, -0.92, 6.0, -97.66
18.894, -10.0, 8.0, 239.0, -1.02, 5.94, -97.74
18.913, -7.0, 8.0, 275.0, -0.81, 5.89, -97.82
18.933, -4.0, -2.0, 263.0, -0.65, 5.73, -97.9
18.953, -8.0, 5.0, 283.0, -0.74, 5.54, -98.02
18.975, -18.0, 5.0, 248.0, -0.68, 5.43, -98.12
18.993, -13.0, 1.0, 260.0, -0.6, 5.62, -98.25
19.014, -4.0, -15.0, 248.0, -0.63, 5.67, -98.31
19.035, -16.0, 8.0, 265.0, -1.04, 5.5, -98.37
19.054, -15.0, 9.0, 279.0, -0.87, 5.61, -98.44
19.075, -11.0, -1.0, 230.0, -0.75, 5.68, -98.55
19.095, -11.0, -5.0, 223.0, -0.81, 5.67, -98.67
19.115, -12.0, -1.0, 279.0, -0.94, 5.69, -98.81
19.134, -10.0, 0.0, 261.0, -0.98, 5.69, -98.93
19.154, -5.0, -14.0, 246.0, -0.99, 5.56, -99.05
19.173, -7.0, 4.0, 287.0, -1.33, 5.31, -99.16
19.194, -10.0, 4.0, 251.0, -1.24, 5.29, -99.28
19.215, 1.0, -13.0, 210.0, -1.13, 5.2, -99.34
19.233, -5.0, 5.0, 317.0, -1.37, 5.18, -99.44
19.253, -4.0, 2.0, 267.0, -1.27, 5.26, -99.52
19.274, -2.0, -14.0, 256.0, -1.19, 5.18, -99.62
19.294, 9.0, -11.0, 227.0, -1.47, 4.97, -99.68
19.313, 6.0, 3.0, 281.0, -1.59, 4.8, -99.7
19.335, 8.0, -4.0, 252.0, -1.45, 4.61, -99.71
19.353, 8.0, 3.0, 254.0, -1.47, 4.29, -99.67
19.375, 17.0, -5.0, 252.0, -1.35, 4.07, -99.66
19.393, 10.0, 0.0, 215.0, -1.44, 3.68, -99.66
19.414, 7.0, -7.0, 246.0, -1.43, 3.59, -99.6
19.433, -1.0, 8.0, 287.0, -1.52, 3.45, -99.56
19.456, 9.0, -3.0, 237.0, -1.33, 3.52, -99.53
19.473, 9.0, -6.0, 258.0, -1.37, 3.41, -99.51
19.494, 10.0, -1.0, 248.0, -1.48, 3.17, -99.48
19.513, 5.0, 5.0, 275.0, -1.45, 2.97, -99.45
19.534, 11.0, -14.0, 249.0, -1.26, 2.99, -99.44
19.554, 13.0, -19.0, 260.0, -1.48, 2.85, -99.41
19.575, 4.0, 8.0, 297.0, -1.76, 2.73, -99.39
19.594, -18.0, 11.0, 200.0, -1.46, 2.76, -99.43
19.613, -12.0, 9.0, 272.0, -1.27, 3.19, -99.5
19.634, -10.0, 11.0, 295.0, -1.06, 3.52, -99.53
19.653, -9.0, 7.0, 235.0, -0.91, 3.67, -99.55
19.675, -12.0, 3.0, 235.0, -0.8, 3.77, -99.59
19.695, -13.0, -12.0, 249.0, -0.79, 3.92, -99.64
19.714, -8.0, -1.0, 268.0, -1.07, 4.09, -99.73
19.734, -11.0, 3.0, 263.0, -1.07, 4.09, -99.84
19.755, -12.0, 8.0, 267.0, -0.97, 4.14, -99.94
19.774, -7.0, -4.0, 237.0, -0.83, 4.21, -100.02
19.794, -3.0, -5.0, 258.0, -0.97, 4.11, -100.1
19.815, -2.0, 5.0, 290.0, -1.12, 3.95, -100.18
19.834, -9.0, 0.0, 233.0, -1.05, 3.88, -100.23
19.854, 2.0, -12.0, 286.0, -1.12, 3.9, -100.32
19.874, -6.0, 4.0, 227.0, -1.32, 3.81, -100.44
19.894, -1.0, -10.0, 276.0, -1.19, 3.86, -100.57
19.914, 1.0, 2.0, 254.0, -1.36, 3.78, -100.68
19.935, 29.0, -21.0, 303.0, -1.29, 3.7, -100.71
19.954, 3.0, 4.0, 215.0, -1.25, 3.39, -100.64
19.974, -1.0, -15.0, 264.0, -1.16, 3.47, -100.57
19.994, 14.0, -16.0, 257.0, -1.42, 3.5, -100.5
20.015, 5.0, -7.0, 240.0, -1.68, 3.15, -100.4
20.033, 0.0, 2.0, 286.0, -1.74, 3.08, -100.32
20.056, 1.0, 15.0, 258.0, -1.58, 3.18, -100.27
20.074, -3.0, -1.0, 245.0, -1.13, 3.22, -100.24
20.094, -6.0, -3.0, 269.0, -1.1, 3.34, -100.23
20.114, -10.0, 2.0, 230.0, -1.1, 3.42, -100.22
20.133, -3.0, 1.0, 257.0, -1.04, 3.66, -99.83
20.153, -5.0, -6.0, 252.0, -0.97, 3.67, -99.79
20.175, 0.0, -8.0, 259.0, -1.07, 3.77, -99.78
20.194, 17.0, -9.0, 289.0, -1.19, 3.72, -99.73
20.214, -13.0, 15.0, 218.0, -1.3, 3.56, -99.68
20.234, -9.0, -11.0, 243.0, -0.95, 3.87, -99.68
20.253, -5.0, 2.0, 266.0, -1.16, 4.06, -99.71
20.273, -8.0, -4.0, 247.0, -1.03, 4.1, -99.72
20.295, -14.0, 7.0, 235.0, -1.13, 4.16, -99.76
20.314, 5.0, -7.0, 270.0, -0.97, 4.31, -99.76
20.333, -7.0, 1.0, 248.0, -1.14, 4.1, -99.76
20.355, -10.0, -11.0, 263.0, -1.08, 4.14, -99.76
20.373, -7.0, 5.0, 247.0, -1.29, 4.15, -99.77
20.395, -9.0, 11.0, 248.0, -1.13, 4.16, -99.8
20.415, -7.0, 1.0, 260.0, -0.93, 4.18, -99.84
20.434, -2.0, -13.0, 248.0, -0.91, 4.11, -99.85
20.454, 4.0, -11.0, 263.0, -1.24, 4.04, -99.84
20.473, -3.0, 2.0, 227.0, -1.44, 3.8, -99.84
20.493, -5.0, 2.0, 253.0, -1.41, 3.8, -99.86
20.513, 14.0, -7.0, 286.0, -1.3, 3.51, -99.76
20.535, -7.0, 1.0, 221.0, -1.44, 3.18, -99.74
20.553, -1.0, -5.0, 299.0, -1.42, 3.28, -99.75
20.574, 8.0, -18.0, 267.0, -1.47, 3.29, -99.76
20.593, 1.0, -3.0, 263.0, -1.8, 3.09, -99.76
20.614, -10.0, 7.0, 234.0, -1.78, 2.98, -99.76
20.633, -7.0, -2.0, 267.0, -1.58, 3.16, -99.78
20.656, 1.0, -7.0, 261.0, -1.57, 3.26, -99.8
20.673, 9.0, -23.0, 256.0, -1.65, 3.14, -99.76
20.694, 6.0, -9.0, 235.0, -2.13, 2.84, -99.71
20.714, 19.0, -10.0, 309.0, -2.23, 2.77, -99.63
20.733, 3.0, -8.0, 254.0, -2.24, 2.72, -99.55
20.753, -4.0, 0.0, 256.0, -2.2, 2.79, -99.53
20.775, 1.0, -3.0, 239.0, -2.01, 2.95, -99.48
20.793, 2.0, -5.0, 259.0, -1.97, 3.02, -99.41
20.813, 0.0, 1.0, 250.0, -1.94, 2.89, -99.35
20.833, -4.0, 8.0, 231.0, -1.77, 2.77, -99.32
20.853, 13.0, -6.0, 280.0, -1.53, 2.95, -99.3
20.874, -1.0, -11.0, 282.0, -1.53, 2.84, -99.31
20.895, -2.0, 4.0, 262.0, -1.64, 3.02, -99.31
20.913, 2.0, 4.0, 246.0, -1.45, 3.17, -99.28
20.934, 4.0, -10.0, 245.0, -1.3, 3.14, -99.22
20.954, -3.0, -6.0, 246.0, -1.49, 2.99, -99.18
20.974, -6.0, 10.0, 261.0, -1.55, 2.99, -99.16
20.994, 1.0, -3.0, 258.0, -1.28, 3.08, -99.16
21.015, -7.0, 3.0, 253.0, -1.3, 2.94, -99.18
21.033, 0.0, -2.0, 258.0, -1.18, 3.04, -99.23
21.053, -1.0, -6.0, 249.0, -1.2, 2.93, -99.3
21.073, 7.0, -9.0, 257.0, -1.32, 2.89, -99.4
21.094, 10.0, -11.0, 274.0, -1.49, 2.63, -99.45
21.113, 10.0, -8.0, 259.0, -1.66, 2.46, -99.41
21.135, 13.0, -11.0, 266.0, -1.74, 2.27, -99.36
21.153, 4.0, -5.0, 241.0, -1.86, 2.05, -99.33
21.173, 3.0, 2.0, 264.0, -1.87, 2.06, -99.33
21.193, 10.0, 0.0, 246.0, -1.72, 2.01, -99.32
21.214, 17.0, -9.0, 270.0, -1.65, 1.89, -99.29
21.233, 10.0, -7.0, 259.0, -1.73, 1.66, -99.27
21.255, 2.0, -5.0, 255.0, -1.78, 1.55, -99.27
21.273, 0.0, -4.0, 257.0, -1.76, 1.63, -99.28
21.294, -2.0, -2.0, 255.0, -1.73, 1.74, -99.28
21.313, -3.0, -5.0, 256.0, -1.68, 1.88, -99.28
21.334, 2.0, -8.0, 259.0, -1.68, 2.02, -99.29
21.353, 0.0, -3.0, 256.0, -1.75, 2.05, -99.3
21.376, -4.0, -2.0, 257.0, -1.7, 2.11, -99.3
21.393, 1.0, -6.0, 258.0, -1.64, 2.26, -99.3
21.413, -2.0, -4.0, 256.0, -1.67, 2.27, -99.3
21.433, -2.0, -5.0, 257.0, -1.65, 2.35, -99.3
21.453, 0.0, -2.0, 258.0, -1.66, 2.43, -99.31
21.473, -3.0, -4.0, 257.0, -1.6, 2.45, -99.31
21.495, 0.0, -8.0, 257.0, -1.59, 2.54, -99.31
21.513, -2.0, -2.0, 259.0, -1.68, 2.54, -99.31
21.533, 0.0, -5.0, 258.0, -1.61, 2.6, -99.3
21.553, -2.0, -2.0, 255.0, -1.63, 2.6, -99.31
21.573, -1.0, -8.0, 256.0, -1.58, 2.65, -99.32
21.594, -1.0, -5.0, 256.0, -1.66, 2.67, -99.32
21.615, -1.0, -3.0, 257.0, -1.67, 2.69, -99.32
21.634, 0.0, -5.0, 258.0, -1.64, 2.7, -99.3
21.654, -2.0, 11.0, 257.0, -1.65, 2.69, -99.29
21.673, -2.0, -4.0, 259.0, -1.31, 2.73, -99.28
21.693, -1.0, -5.0, 256.0, -1.34, 2.75, -99.26
21.713, -1.0, -3.0, 258.0, -1.39, 2.75, -99.26
21.735, -1.0, -4.0, 257.0, -1.38, 2.77, -99.26
21.753, -1.0, -5.0, 257.0, -1.4, 2.78, -99.25
21.773, 0.0, -5.0, 257.0, -1.44, 2.78, -99.23
21.793, -1.0, -5.0, 257.0, -1.47, 2.77, -99.21
21.813, -1.0, -5.0, 256.0, -1.5, 2.77, -99.2
21.833, 0.0, -5.0, 257.0, -1.52, 2.78, -99.18
21.855, -1.0, -4.0, 257.0, -1.54, 2.76, -99.16
21.873, -1.0, -5.0, 257.0, -1.54, 2.77, -99.15
21.893, -2.0, -6.0, 257.0, -1.56, 2.78, -99.14
21.913, -1.0, -5.0, 257.0, -1.6, 2.8, -99.12
21.934, 0.0, -4.0, 257.0, -1.61, 2.8, -99.11
21.953, 0.0, -5.0, 257.0, -1.6, 2.78, -99.1
21.976, -1.0, -6.0, 256.0, -1.62, 2.77, -99.09
21.993, 0.0, -5.0, 257.0, -1.65, 2.77, -99.08
22.013, 0.0, -4.0, 258.0, -1.66, 2.75, -99.07
22.033, -1.0, -4.0, 257.0, -1.64, 2.74, -99.06
22.053, -1.0, -5.0, 257.0, -1.63, 2.75, -99.06
22.073, -1.0, -4.0, 258.0, -1.63, 2.75, -99.05
22.095, 0.0, -5.0, 257.0, -1.62, 2.76, -99.04
22.113, -1.0, -6.0, 257.0, -1.63, 2.74, -99.03
22.133, -2.0, -5.0, 256.0, -1.66, 2.75, -99.02
22.153, -1.0, -4.0, 257.0, -1.67, 2.77, -99.02
22.173, -1.0, -5.0, 258.0, -1.65, 2.78, -99.01
22.193, -1.0, -5.0, 257.0, -1.66, 2.78, -99.0
22.215, -1.0, -5.0, 257.0, -1.66, 2.78, -98.99
22.234, -1.0, -5.0, 257.0, -1.67, 2.78, -98.98
22.253, -1.0, -4.0, 257.0, -1.67, 2.78, -98.96
22.274, 0.0, -5.0, 257.0, -1.65, 2.79, -98.94
22.293, 0.0, -5.0, 257.0, -1.66, 2.76, -98.93
22.313, -1.0, -5.0, 256.0, -1.66, 2.74, -98.91
22.335, -1.0, -4.0, 257.0, -1.67, 2.75, -98.9
22.353, 0.0, -4.0, 258.0, -1.65, 2.75, -98.9
22.373, -1.0, -4.0, 256.0, -1.63, 2.73, -98.89
22.393, -1.0, -5.0, 256.0, -1.62, 2.73, -98.89
22.413, -1.0, -4.0, 257.0, -1.63, 2.73, -98.89
22.433, 0.0, -5.0, 257.0, -1.62, 2.73, -98.88
22.455, -1.0, -6.0, 257.0, -1.63, 2.71, -98.88
22.473, -1.0, -4.0, 257.0, -1.66, 2.72, -98.88
22.493, -1.0, -5.0, 257.0, -1.64, 2.72, -98.87
22.513, 0.0, -5.0, 256.0, -1.65, 2.73, -98.87
22.533, -1.0, -5.0, 258.0, -1.66, 2.71, -98.86
22.553, -1.0, -4.0, 256.0, -1.66, 2.72, -98.86
22.576, 0.0, -6.0, 256.0, -1.64, 2.72, -98.85
22.593, -1.0, -4.0, 256.0, -1.67, 2.69, -98.85
22.614, -1.0, -3.0, 258.0, -1.66, 2.7, -98.85
22.633, -1.0, -5.0, 257.0, -1.62, 2.7, -98.84
22.653, 0.0, -6.0, 257.0, -1.63, 2.71, -98.84
22.673, 0.0, -4.0, 258.0, -1.66, 2.69, -98.84
22.695, -1.0, -4.0, 257.0, -1.64, 2.67, -98.83
22.713, -3.0, -5.0, 257.0, -1.62, 2.68, -98.83
22.733, -2.0, -6.0, 255.0, -1.63, 2.73, -98.82
22.753, 1.0, -4.0, 257.0, -1.66, 2.75, -98.82
22.773, 0.0, -5.0, 258.0, -1.65, 2.7, -98.81
22.793, -2.0, -6.0, 257.0, -1.65, 2.68, -98.81
22.815, 0.0, -6.0, 256.0, -1.68, 2.71, -98.81
22.833, -1.0, -7.0, 257.0, -1.7, 2.68, -98.8
22.853, -1.0, -4.0, 257.0, -1.75, 2.69, -98.8
22.874, -1.0, -5.0, 257.0, -1.72, 2.69, -98.79
22.893, -1.0, -6.0, 256.0, -1.72, 2.69, -98.79
22.914, -1.0, -6.0, 257.0, -1.74, 2.69, -98.79
22.935, -1.0, -4.0, 257.0, -1.76, 2.69, -98.78
22.953, 0.0, -6.0, 256.0, -1.73, 2.69, -98.79
22.973, -1.0, -6.0, 257.0, -1.75, 2.67, -98.79
22.993, 0.0, -5.0, 257.0, -1.76, 2.67, -98.79
23.013, 0.0, -4.0, 257.0, -1.76, 2.65, -98.79
23.033, -1.0, -5.0, 257.0, -1.73, 2.63, -98.8
23.055, -1.0, -6.0, 256.0, -1.73, 2.63, -98.8
23.073, -1.0, -5.0, 258.0, -1.75, 2.64, -98.81
23.093, -1.0, -4.0, 257.0, -1.74, 2.64, -98.82
23.113, 0.0, -5.0, 256.0, -1.72, 2.64, -98.83
23.133, 0.0, -5.0, 257.0, -1.71, 2.63, -98.84
23.153, -1.0, -6.0, 257.0, -1.71, 2.61, -98.85
23.175, -1.0, -5.0, 257.0, -1.73, 2.62, -98.87
23.193, -1.0, -5.0, 257.0, -1.73, 2.62, -98.88
23.214, -1.0, -6.0, 257.0, -1.72, 2.63, -98.89
23.233, -1.0, -6.0, 257.0, -1.74, 2.63, -98.9
23.254, 0.0, -5.0, 257.0, -1.76, 2.63, -98.91
23.273, 0.0, -6.0, 256.0, -1.75, 2.61, -98.92
23.296, -1.0, -5.0, 257.0, -1.77, 2.59, -98.93
23.313, -1.0, -5.0, 257.0, -1.76, 2.6, -98.92
23.333, -1.0, -4.0, 257.0, -1.75, 2.61, -98.92
23.353, -1.0, -5.0, 256.0, -1.72, 2.61, -98.92
23.374, -1.0, -7.0, 257.0, -1.72, 2.61, -98.92
23.393, -1.0, -4.0, 257.0, -1.76, 2.61, -98.92
23.415, -1.0, -6.0, 256.0, -1.73, 2.62, -98.93
23.433, -1.0, -7.0, 258.0, -1.75, 2.62, -98.93
23.453, 0.0, -5.0, 257.0, -1.79, 2.62, -98.93
23.473, -2.0, -4.0, 256.0, -1.78, 2.6, -98.92
23.493, -1.0, -4.0, 257.0, -1.75, 2.63, -98.92
23.514, -2.0, -4.0, 256.0, -1.72, 2.63, -98.91
23.535, 0.0, -7.0, 258.0, -1.69, 2.65, -98.91
23.555, -1.0, -20.0, 256.0, -1.73, 2.63, -98.91
23.573, -1.0, -6.0, 256.0, -2.07, 2.63, -98.92
23.593, 0.0, -4.0, 258.0, -2.06, 2.62, -98.91
23.613, -1.0, -5.0, 256.0, -1.99, 2.6, -98.91
23.633, -1.0, -6.0, 257.0, -1.96, 2.61, -98.9
23.655, -1.0, -5.0, 257.0, -1.95, 2.61, -98.89
23.673, -1.0, -6.0, 257.0, -1.93, 2.61, -98.89
23.693, 0.0, -5.0, 257.0, -1.92, 2.61, -98.88
23.713, -1.0, -6.0, 256.0, -1.9, 2.58, -98.87
23.733, -1.0, -4.0, 257.0, -1.9, 2.58, -98.87
23.753, 1.0, -5.0, 257.0, -1.85, 2.58, -98.86
23.775, -1.0, -6.0, 256.0, -1.84, 2.54, -98.85
23.793, -1.0, -5.0, 257.0, -1.84, 2.55, -98.85
23.813, -1.0, -4.0, 257.0, -1.82, 2.55, -98.84
23.833, -1.0, -6.0, 257.0, -1.79, 2.55, -98.84
23.854, -1.0, -6.0, 257.0, -1.8, 2.56, -98.84
23.873, -1.0, -4.0, 257.0, -1.81, 2.56, -98.83
23.896, -1.0, -6.0, 257.0, -1.77, 2.56, -98.83
23.913, 0.0, -6.0, 256.0, -1.78, 2.57, -98.82
23.933, -1.0, -4.0, 257.0, -1.79, 2.54, -98.81
23.953, -1.0, -6.0, 256.0, -1.76, 2.55, -98.8
23.973, -1.0, -5.0, 257.0, -1.77, 2.55, -98.8
23.993, 0.0, -4.0, 258.0, -1.76, 2.55, -98.79
24.015, -1.0, -5.0, 257.0, -1.73, 2.53, -98.78
24.033, -1.0, -6.0, 256.0, -1.72, 2.54, -98.78
24.053, 0.0, -5.0, 257.0, -1.74, 2.54, -98.78
24.073, -1.0, -4.0, 257.0, -1.73, 2.52, -98.78
24.093, -2.0, -5.0, 257.0, -1.7, 2.52, -98.78
24.113, 0.0, -6.0, 256.0, -1.7, 2.55, -98.77
24.135, -1.0, -5.0, 257.0, -1.72, 2.53, -98.77
24.154, -1.0, -5.0, 257.0, -1.71, 2.53, -98.77
24.173, 0.0, -5.0, 257.0, -1.7, 2.53, -98.77
24.194, -1.0, -5.0, 257.0, -1.7, 2.51, -98.77
24.213, 0.0, -6.0, 258.0, -1.7, 2.52, -98.77
24.233, -1.0, -6.0, 257.0, -1.72, 2.5, -98.77
24.255, 0.0, -4.0, 257.0, -1.73, 2.5, -98.77
24.273, 0.0, -4.0, 258.0, -1.7, 2.48, -98.76
24.293, 0.0, -5.0, 258.0, -1.67, 2.46, -98.76
24.313, -1.0, -5.0, 257.0, -1.67, 2.45, -98.75
24.333, -1.0, -5.0, 256.0, -1.67, 2.46, -98.74
24.353, 0.0, -5.0, 257.0, -1.66, 2.46, -98.74
24.375, 0.0, -6.0, 256.0, -1.66, 2.45, -98.74
24.393, -1.0, -5.0, 257.0, -1.68, 2.43, -98.74
24.413, -1.0, -6.0, 257.0, -1.68, 2.45, -98.75
24.433, -1.0, -5.0, 256.0, -1.7, 2.45, -98.76
24.453, -1.0, -6.0, 257.0, -1.7, 2.46, -98.77
24.473, 0.0, -5.0, 257.0, -1.71, 2.47, -98.78
24.496, -1.0, -5.0, 257.0, -1.71, 2.45, -98.79
24.513, 0.0, -5.0, 257.0, -1.7, 2.45, -98.79
24.534, -1.0, -4.0, 257.0, -1.69, 2.43, -98.79
24.553, 0.0, -5.0, 257.0, -1.67, 2.44, -98.8
24.573, 0.0, -5.0, 257.0, -1.67, 2.42, -98.8
24.593, -1.0, -5.0, 257.0, -1.66, 2.41, -98.8
24.615, -1.0, -6.0, 256.0, -1.66, 2.42, -98.8
24.633, -1.0, -5.0, 257.0, -1.68, 2.43, -98.81
24.653, -1.0, -5.0, 256.0, -1.68, 2.43, -98.81
24.673, 0.0, -5.0, 257.0, -1.67, 2.44, -98.81
24.693, -1.0, -5.0, 257.0, -1.67, 2.42, -98.81
24.713, 0.0, -6.0, 256.0, -1.67, 2.43, -98.81
24.735, -1.0, -6.0, 257.0, -1.69, 2.41, -98.81
24.753, -1.0, -6.0, 256.0, -1.7, 2.42, -98.82
24.773, 0.0, -5.0, 257.0, -1.72, 2.42, -98.83
24.794, -1.0, -6.0, 256.0, -1.71, 2.41, -98.84
24.813, 0.0, -5.0, 256.0, -1.73, 2.42, -98.85
24.834, -1.0, -6.0, 257.0, -1.72, 2.4, -98.86
24.855, 0.0, -6.0, 257.0, -1.73, 2.41, -98.87
24.873, -1.0, -5.0, 257.0, -1.74, 2.39, -98.88
24.893, 0.0, -5.0, 256.0, -1.73, 2.4, -98.89
24.913, -1.0, -6.0, 256.0, -1.72, 2.38, -98.9
24.933, -1.0, -5.0, 257.0, -1.74, 2.39, -98.91
24.953, 0.0, -5.0, 257.0, -1.73, 2.39, -98.93
24.975, -1.0, -5.0, 257.0, -1.72, 2.38, -98.94
24.993, -1.0, -5.0, 258.0, -1.71, 2.39, -98.95
25.013, -1.0, -5.0, 257.0, -1.7, 2.4, -98.96
25.033, -1.0, -5.0, 256.0, -1.7, 2.4, -98.96
25.053, -1.0, -5.0, 256.0, -1.69, 2.41, -98.97
25.073, -1.0, -5.0, 257.0, -1.69, 2.41, -98.98
25.095, -1.0, -5.0, 257.0, -1.68, 2.42, -98.99
25.113, -1.0, -6.0, 256.0, -1.68, 2.42, -98.99
25.134, 0.0, -4.0, 259.0, -1.7, 2.42, -98.99
25.153, -1.0, -6.0, 255.0, -1.67, 2.4, -98.98
25.174, 0.0, -6.0, 258.0, -1.69, 2.4, -98.98
25.193, -1.0, -4.0, 257.0, -1.7, 2.38, -98.98
25.216, -1.0, -6.0, 257.0, -1.67, 2.39, -98.98
25.233, -1.0, -7.0, 257.0, -1.69, 2.39, -98.97
25.253, -1.0, -4.0, 257.0, -1.73, 2.39, -98.97
25.273, -1.0, -4.0, 256.0, -1.7, 2.4, -98.96
25.293, 0.0, -5.0, 258.0, -1.67, 2.4, -98.96
25.313, -2.0, -6.0, 255.0, -1.66, 2.38, -98.96
25.335, 1.0, -5.0, 260.0, -1.68, 2.4, -98.95
25.353, 0.0, -4.0, 256.0, -1.68, 2.36, -98.96
25.373, -1.0, -7.0, 257.0, -1.65, 2.34, -98.97
25.393, -1.0, -4.0, 258.0, -1.69, 2.35, -98.99
25.413, -2.0, -4.0, 257.0, -1.67, 2.36, -99.0
25.434, -1.0, -8.0, 256.0, -1.64, 2.38, -99.0
25.455, 1.0, -4.0, 258.0, -1.71, 2.38, -99.02
25.474, 0.0, -6.0, 257.0, -1.68, 2.34, -99.01
25.493, -1.0, -4.0, 256.0, -1.69, 2.32, -99.0
25.513, -2.0, -7.0, 256.0, -1.66, 2.33, -99.0
25.533, 1.0, -5.0, 258.0, -1.7, 2.36, -98.99
25.553, -1.0, -5.0, 257.0, -1.69, 2.32, -98.99
25.575, 0.0, -6.0, 256.0, -1.69, 2.33, -98.98
25.593, 0.0, -5.0, 257.0, -1.7, 2.31, -98.98
25.613, -2.0, -6.0, 256.0, -1.69, 2.29, -98.97
25.633, 0.0, -5.0, 257.0, -1.71, 2.32, -98.97
25.653, -1.0, -4.0, 257.0, -1.7, 2.31, -98.96
25.673, -1.0, -6.0, 256.0, -1.67, 2.31, -98.96
25.695, 0.0, -5.0, 257.0, -1.69, 2.32, -98.95
25.713, -1.0, -6.0, 257.0, -1.68, 2.3, -98.95
25.733, -1.0, -6.0, 256.0, -1.69, 2.31, -98.95
25.753, -1.0, -4.0, 257.0, -1.71, 2.31, -98.95
25.774, 0.0, -6.0, 256.0, -1.68, 2.32, -98.95
25.793, 0.0, -6.0, 257.0, -1.7, 2.3, -98.95
25.816, 0.0, -5.0, 257.0, -1.71, 2.28, -98.95
25.833, -1.0, -4.0, 257.0, -1.7, 2.27, -98.95
25.853, 0.0, -6.0, 256.0, -1.67, 2.28, -98.94
25.873, 0.0, -6.0, 256.0, -1.69, 2.27, -98.94
25.893, 1.0, -6.0, 257.0, -1.71, 2.25, -98.93
25.913, -1.0, -6.0, 257.0, -1.72, 2.22, -98.93
25.935, -1.0, -4.0, 257.0, -1.73, 2.23, -98.92
25.953, 0.0, -5.0, 257.0, -1.7, 2.25, -98.94
25.973, -1.0, -6.0, 257.0, -1.69, 2.23, -98.95
25.993, 0.0, -5.0, 257.0, -1.7, 2.25, -98.96
26.013, 0.0, -5.0, 257.0, -1.69, 2.23, -98.97
26.033, -1.0, -6.0, 257.0, -1.69, 2.22, -98.98
26.055, 0.0, -6.0, 257.0, -1.7, 2.23, -98.99
26.074, -1.0, -5.0, 257.0, -1.71, 2.22, -99.0
26.093, 0.0, -5.0, 257.0, -1.7, 2.24, -99.0
26.114, -1.0, -6.0, 257.0, -1.69, 2.22, -99.01
26.133, -1.0, -5.0, 257.0, -1.71, 2.24, -99.02
26.153, 0.0, -4.0, 256.0, -1.7, 2.25, -99.02
26.175, -1.0, -6.0, 257.0, -1.67, 2.23, -99.03
26.193, -1.0, -5.0, 256.0, -1.68, 2.24, -99.04
26.213, 0.0, -4.0, 257.0, -1.67, 2.24, -99.04
26.233, -1.0, -6.0, 256.0, -1.64, 2.23, -99.05
26.253, 0.0, -5.0, 257.0, -1.66, 2.24, -99.06
26.273, 0.0, -5.0, 257.0, -1.65, 2.22, -99.07
26.295, -1.0, -5.0, 257.0, -1.65, 2.21, -99.07
26.313, -1.0, -6.0, 257.0, -1.65, 2.22, -99.09
26.333, -1.0, -5.0, 257.0, -1.67, 2.23, -99.1
26.353, -1.0, -5.0, 257.0, -1.66, 2.24, -99.11
26.373, 0.0, -6.0, 258.0, -1.65, 2.24, -99.12
26.393, 0.0, -5.0, 256.0, -1.67, 2.23, -99.13
26.416, -1.0, -5.0, 257.0, -1.66, 2.22, -99.14
26.433, -1.0, -6.0, 257.0, -1.65, 2.22, -99.14
26.454, 1.0, -5.0, 258.0, -1.67, 2.23, -99.15
26.473, 0.0, -4.0, 257.0, -1.66, 2.19, -99.15
26.493, -1.0, -7.0, 257.0, -1.63, 2.18, -99.15
26.513, -1.0, -6.0, 257.0, -1.67, 2.19, -99.16
26.535, -1.0, -4.0, 257.0, -1.69, 2.2, -99.16
26.553, 0.0, -5.0, 256.0, -1.65, 2.21, -99.17
26.573, 0.0, -6.0, 256.0, -1.65, 2.19, -99.18
26.593, -1.0, -6.0, 256.0, -1.66, 2.18, -99.19
26.613, 0.0, -4.0, 257.0, -1.68, 2.19, -99.2
26.633, -1.0, -6.0, 257.0, -1.65, 2.17, -99.21
26.655, 0.0, -4.0, 257.0, -1.67, 2.19, -99.22
26.673, -1.0, -4.0, 256.0, -1.63, 2.17, -99.22
26.693, -1.0, -6.0, 256.0, -1.61, 2.18, -99.23
26.714, 0.0, -5.0, 258.0, -1.63, 2.19, -99.23
26.733, -1.0, -5.0, 257.0, -1.62, 2.17, -99.24
26.754, 0.0, -6.0, 256.0, -1.62, 2.18, -99.24
26.775, -1.0, -6.0, 257.0, -1.64, 2.17, -99.25
26.793, -1.0, -4.0, 257.0, -1.66, 2.17, -99.27
26.813, 0.0, -5.0, 258.0, -1.62, 2.18, -99.28
26.833, -1.0, -6.0, 257.0, -1.62, 2.17, -99.29
26.853, -1.0, -5.0, 257.0, -1.64, 2.17, -99.31
26.873, 0.0, -5.0, 257.0, -1.63, 2.18, -99.32
26.895, 0.0, -6.0, 257.0, -1.63, 2.17, -99.34
26.913, -1.0, -6.0, 257.0, -1.64, 2.15, -99.35
26.933, -1.0, -5.0, 257.0, -1.66, 2.16, -99.36
26.953, 0.0, -5.0, 257.0, -1.66, 2.17, -99.37
26.973, -1.0, -6.0, 256.0, -1.65, 2.16, -99.38
26.993, 0.0, -5.0, 256.0, -1.66, 2.16, -99.39
27.015, 0.0, -20.0, 257.0, -1.66, 2.15, -99.4
27.033, 1.0, -6.0, 257.0, -1.99, 2.13, -99.41
27.054, 0.0, -5.0, 257.0, -1.97, 2.1, -99.41
27.073, -1.0, -4.0, 257.0, -1.93, 2.09, -99.41
27.094, -1.0, -6.0, 256.0, -1.87, 2.11, -99.41
27.113, -1.0, -6.0, 256.0, -1.87, 2.12, -99.41
27.136, 0.0, -5.0, 257.0, -1.86, 2.13, -99.41
27.153, -1.0, -6.0, 257.0, -1.83, 2.12, -99.41
27.173, 1.0, -6.0, 258.0, -1.83, 2.13, -99.41
27.193, 0.0, -5.0, 257.0, -1.83, 2.09, -99.41
27.213, -1.0, -5.0, 257.0, -1.8, 2.08, -99.4
27.233, -1.0, -6.0, 257.0, -1.78, 2.09, -99.4
27.255, -1.0, -5.0, 257.0, -1.78, 2.11, -99.4
27.273, 1.0, -5.0, 257.0, -1.76, 2.12, -99.4
27.293, 0.0, -6.0, 256.0, -1.74, 2.09, -99.4
27.313, 0.0, -6.0, 257.0, -1.75, 2.08, -99.41
27.333, -1.0, -5.0, 257.0, -1.75, 2.07, -99.41
27.354, 0.0, -5.0, 258.0, -1.74, 2.08, -99.4
27.375, -1.0, -5.0, 257.0, -1.72, 2.07, -99.4
27.394, -1.0, -6.0, 257.0, -1.7, 2.09, -99.4
27.413, 0.0, -5.0, 257.0, -1.71, 2.1, -99.39
27.433, -1.0, -5.0, 257.0, -1.7, 2.08, -99.39
27.453, -1.0, -4.0, 257.0, -1.68, 2.09, -99.39
27.473, -1.0, -6.0, 257.0, -1.65, 2.1, -99.38
27.495, 0.0, -6.0, 257.0, -1.66, 2.11, -99.38
27.513, 0.0, -4.0, 257.0, -1.68, 2.1, -99.38
27.533, -1.0, -5.0, 257.0, -1.64, 2.08, -99.38
27.553, 0.0, -6.0, 257.0, -1.63, 2.09, -99.38
27.573, 0.0, -6.0, 257.0, -1.65, 2.08, -99.38
27.593, 0.0, -4.0, 257.0, -1.66, 2.07, -99.38
27.615, 0.0, -5.0, 257.0, -1.63, 2.06, -99.38
27.633, 0.0, -6.0, 257.0, -1.62, 2.05, -99.37
27.653, -1.0, -6.0, 257.0, -1.64, 2.04, -99.37
27.673, 0.0, -5.0, 257.0, -1.65, 2.05, -99.37
27.694, -1.0, -6.0, 257.0, -1.65, 2.04, -99.36
27.713, 0.0, -5.0, 257.0, -1.66, 2.05, -99.36
27.736, 0.0, -5.0, 257.0, -1.65, 2.04, -99.35
27.753, 0.0, -5.0, 256.0, -1.65, 2.03, -99.34
27.773, -1.0, -6.0, 257.0, -1.64, 2.02, -99.33
27.793, 0.0, -5.0, 257.0, -1.65, 2.04, -99.32
27.813, -1.0, -6.0, 257.0, -1.64, 2.03, -99.31
27.833, 0.0, -6.0, 257.0, -1.66, 2.04, -99.3
27.855, -1.0, -5.0, 258.0, -1.67, 2.03, -99.29
27.873, 0.0, -5.0, 257.0, -1.66, 2.04, -99.28
27.893, 0.0, -6.0, 257.0, -1.65, 2.03, -99.26
27.913, -1.0, -6.0, 257.0, -1.66, 2.02, -99.25
27.933, 0.0, -5.0, 257.0, -1.67, 2.03, -99.24
27.953, 0.0, -5.0, 256.0, -1.66, 2.02, -99.23
27.975, 0.0, -5.0, 257.0, -1.65, 2.01, -99.22
27.994, 0.0, -6.0, 257.0, -1.64, 2.0, -99.23
28.013, -1.0, -6.0, 256.0, -1.66, 1.99, -99.24
28.034, 0.0, -6.0, 258.0, -1.67, 2.0, -99.25
28.053, 0.0, -5.0, 257.0, -1.68, 2.0, -99.26
28.073, 0.0, -5.0, 256.0, -1.66, 1.99, -99.27
28.095, 0.0, -5.0, 257.0, -1.65, 1.98, -99.28
28.113, 0.0, -6.0, 256.0, -1.64, 1.97, -99.29
28.133, 0.0, -5.0, 256.0, -1.66, 1.97, -99.3
28.153, -1.0, -5.0, 257.0, -1.65, 1.96, -99.3
28.173, 0.0, -5.0, 257.0, -1.64, 1.98, -99.31
28.193, 0.0, -6.0, 256.0, -1.63, 1.97, -99.32
28.215, 0.0, -5.0, 257.0, -1.65, 1.96, -99.33
28.233, -1.0, -5.0, 257.0, -1.64, 1.95, -99.33
28.253, 0.0, -5.0, 257.0, -1.63, 1.97, -99.33
28.273, 0.0, -5.0, 257.0, -1.62, 1.96, -99.33
28.293, 0.0, -5.0, 257.0, -1.62, 1.96, -99.33
28.313, -1.0, -5.0, 257.0, -1.61, 1.95, -99.33
28.336, 0.0, -5.0, 258.0, -1.6, 1.97, -99.33
28.353, 0.0, -5.0, 257.0, -1.6, 1.96, -99.34
28.374, 0.0, -6.0, 257.0, -1.59, 1.95, -99.34
28.393, 0.0, -4.0, 256.0, -1.61, 1.94, -99.35
28.413, 0.0, -6.0, 256.0, -1.58, 1.93, -99.35
28.433, 0.0, -5.0, 256.0, -1.6, 1.93, -99.36
28.455, 0.0, -5.0, 257.0, -1.59, 1.92, -99.36
28.473, -1.0, -6.0, 256.0, -1.58, 1.92, -99.36
28.493, 0.0, -6.0, 256.0, -1.6, 1.93, -99.37
28.513, 0.0, -5.0, 257.0, -1.62, 1.92, -99.37
28.533, -1.0, -5.0, 257.0, -1.61, 1.92, -99.37
28.553, -1.0, -6.0, 257.0, -1.6, 1.94, -99.38
28.575, 0.0, -5.0, 257.0, -1.62, 1.95, -99.38
28.593, 0.0, -5.0, 257.0, -1.61, 1.94, -99.39
28.613, -1.0, -5.0, 257.0, -1.6, 1.93, -99.41
28.634, 0.0, -6.0, 257.0, -1.6, 1.95, -99.42
28.653, 0.0, -5.0, 257.0, -1.61, 1.94, -99.43
28.674, 0.0, -5.0, 257.0, -1.61, 1.93, -99.44
28.695, 0.0, -5.0, 257.0, -1.6, 1.93, -99.45
28.713, -1.0, -5.0, 257.0, -1.6, 1.92, -99.46
28.733, 0.0, -6.0, 256.0, -1.59, 1.93, -99.48
28.753, -1.0, -6.0, 256.0, -1.61, 1.92, -99.48
28.773, 0.0, -5.0, 257.0, -1.63, 1.94, -99.49
28.793, 0.0, -5.0, 257.0, -1.62, 1.93, -99.5
28.815, 0.0, -5.0, 257.0, -1.62, 1.92, -99.51
28.833, 0.0, -6.0, 257.0, -1.61, 1.91, -99.52
28.853, 0.0, -5.0, 256.0, -1.62, 1.9, -99.52
28.873, 0.0, -5.0, 256.0, -1.62, 1.9, -99.53
28.893, 0.0, -5.0, 256.0, -1.61, 1.89, -99.54
28.913, -1.0, -5.0, 256.0, -1.6, 1.88, -99.55
28.935, -1.0, -5.0, 257.0, -1.6, 1.9, -99.56
28.953, 0.0, -5.0, 257.0, -1.59, 1.91, -99.57
28.974, 0.0, -6.0, 256.0, -1.59, 1.9, -99.59
28.993, -1.0, -5.0, 257.0, -1.6, 1.9, -99.6
29.014, 0.0, -6.0, 256.0, -1.6, 1.91, -99.61
29.033, 0.0, -6.0, 257.0, -1.61, 1.9, -99.62
29.056, 0.0, -5.0, 257.0, -1.63, 1.9, -99.64
29.073, 0.0, -5.0, 257.0, -1.62, 1.89, -99.64
29.093, 0.0, -5.0, 257.0, -1.61, 1.88, -99.64
29.113, 1.0, -5.0, 256.0, -1.6, 1.88, -99.64
29.133, 0.0, -5.0, 257.0, -1.6, 1.85, -99.64
29.153, 0.0, -5.0, 257.0, -1.59, 1.84, -99.64
29.175, -1.0, -5.0, 257.0, -1.59, 1.84, -99.64
29.193, -1.0, -6.0, 256.0, -1.58, 1.86, -99.64
29.213, 0.0, -5.0, 256.0, -1.6, 1.88, -99.64
29.233, 0.0, -6.0, 257.0, -1.59, 1.87, -99.65
29.253, 0.0, -6.0, 257.0, -1.61, 1.86, -99.65
29.274, -1.0, -5.0, 257.0, -1.63, 1.86, -99.65
29.295, 0.0, -5.0, 257.0, -1.62, 1.87, -99.65
29.314, 0.0, -5.0, 257.0, -1.61, 1.87, -99.65
29.333, 0.0, -5.0, 256.0, -1.6, 1.86, -99.65
29.353, 0.0, -5.0, 257.0, -1.59, 1.85, -99.66
29.373, 0.0, -5.0, 257.0, -1.59, 1.85, -99.66
29.393, 0.0, -5.0, 256.0, -1.58, 1.84, -99.66
29.415, 0.0, -6.0, 257.0, -1.58, 1.84, -99.66
29.433, -1.0, -6.0, 256.0, -1.59, 1.83, -99.66
29.453, 0.0, -6.0, 256.0, -1.61, 1.85, -99.66
29.473, 0.0, -5.0, 257.0, -1.63, 1.84, -99.66
29.493, 0.0, -5.0, 256.0, -1.62, 1.83, -99.66
29.513, 0.0, -6.0, 256.0, -1.61, 1.82, -99.66
29.535, 0.0, -6.0, 257.0, -1.62, 1.82, -99.66
29.553, 0.0, -7.0, 256.0, -1.64, 1.81, -99.66
29.573, 0.0, -6.0, 257.0, -1.67, 1.81, -99.66
29.593, 0.0, -5.0, 257.0, -1.68, 1.8, -99.66
29.614, 0.0, -6.0, 256.0, -1.66, 1.8, -99.65
29.633, 0.0, -5.0, 257.0, -1.67, 1.8, -99.65
29.656, 0.0, -6.0, 257.0, -1.65, 1.79, -99.65
29.673, 0.0, -6.0, 257.0, -1.66, 1.78, -99.64
29.693, -1.0, -4.0, 257.0, -1.67, 1.78, -99.64
29.713, 0.0, -5.0, 257.0, -1.63, 1.8, -99.63
29.733, 0.0, -6.0, 257.0, -1.62, 1.79, -99.62
29.753, 0.0, -5.0, 257.0, -1.63, 1.79, -99.62
29.775, 0.0, -5.0, 257.0, -1.62, 1.79, -99.61
29.793, 0.0, -5.0, 256.0, -1.62, 1.79, -99.61
29.813, 0.0, -5.0, 257.0, -1.61, 1.78, -99.6
29.833, 0.0, -6.0, 256.0, -1.6, 1.78, -99.59
29.853, 0.0, -6.0, 257.0, -1.61, 1.77, -99.59
29.873, -1.0, -6.0, 257.0, -1.63, 1.77, -99.59
29.895, 0.0, -5.0, 257.0, -1.64, 1.79, -99.58
29.914, 0.0, -5.0, 257.0, -1.63, 1.79, -99.58
29.933, 0.0, -6.0, 256.0, -1.62, 1.78, -99.58
29.954, 0.0, -5.0, 257.0, -1.63, 1.78, -99.58
29.973, 0.0, -5.0, 257.0, -1.62, 1.77, -99.58
29.993, 0.0, -5.0, 257.0, -1.61, 1.77, -99.58
30.015, -1.0, -6.0, 257.0, -1.6, 1.77, -99.58
30.033, 0.0, -5.0, 256.0, -1.61, 1.78, -99.59
30.053, 0.0, -6.0, 257.0, -1.6, 1.78, -99.59
30.073, -1.0, -5.0, 257.0, -1.62, 1.77, -99.6
30.093, 0.0, -5.0, 257.0, -1.61, 1.79, -99.6
30.113, 0.0, -5.0, 257.0, -1.6, 1.78, -99.6
30.135, -1.0, -6.0, 257.0, -1.59, 1.78, -99.61
30.153, -1.0, -6.0, 257.0, -1.6, 1.79, -99.61
30.173, -1.0, -6.0, 257.0, -1.62, 1.81, -99.61
30.193, 0.0, -6.0, 258.0, -1.63, 1.82, -99.61
30.213, 0.0, -5.0, 257.0, -1.64, 1.81, -99.61
30.233, 0.0, -5.0, 257.0, -1.63, 1.8, -99.62
30.256, -1.0, -5.0, 257.0, -1.62, 1.79, -99.62
30.273, 0.0, -6.0, 257.0, -1.61, 1.81, -99.62
30.294, -1.0, -6.0, 257.0, -1.62, 1.8, -99.62
30.313, 0.0, -6.0, 257.0, -1.63, 1.81, -99.63
30.333, 0.0, -6.0, 257.0, -1.65, 1.8, -99.63
30.353, 0.0, -5.0, 257.0, -1.66, 1.79, -99.63
30.375, 0.0, -6.0, 257.0, -1.64, 1.78, -99.64
30.393, 0.0, -5.0, 257.0, -1.65, 1.78, -99.64
30.413, 0.0, -5.0, 256.0, -1.64, 1.77, -99.64
30.433, 0.0, -6.0, 256.0, -1.62, 1.76, -99.64
30.453, 0.0, -6.0, 256.0, -1.64, 1.75, -99.65
30.473, 0.0, -6.0, 257.0, -1.65, 1.75, -99.65
30.495, 0.0, -6.0, 256.0, -1.66, 1.74, -99.65
30.513, 0.0, -5.0, 257.0, -1.66, 1.74, -99.66
30.533, 0.0, -5.0, 256.0, -1.65, 1.73, -99.66
30.554, 0.0, -5.0, 256.0, -1.63, 1.73, -99.67
30.573, -1.0, -6.0, 257.0, -1.62, 1.72, -99.67
30.594, 0.0, -5.0, 257.0, -1.63, 1.74, -99.68
30.615, 0.0, -5.0, 257.0, -1.62, 1.73, -99.68
30.633, 0.0, -6.0, 256.0, -1.61, 1.73, -99.69
30.653, -1.0, -6.0, 256.0, -1.62, 1.73, -99.7
30.673, 0.0, -6.0, 257.0, -1.63, 1.74, -99.7
30.693, -1.0, -6.0, 257.0, -1.64, 1.74, -99.71
30.713, 0.0, -6.0, 256.0, -1.65, 1.75, -99.71
30.735, 0.0, -6.0, 257.0, -1.66, 1.74, -99.71
30.753, 0.0, -6.0, 256.0, -1.66, 1.74, -99.7
30.773, 1.0, -5.0, 257.0, -1.67, 1.73, -99.69
30.793, 0.0, -6.0, 257.0, -1.65, 1.7, -99.68
30.813, 0.0, -5.0, 256.0, -1.66, 1.7, -99.67
30.833, -1.0, -6.0, 257.0, -1.64, 1.69, -99.66
30.855, -1.0, -6.0, 257.0, -1.66, 1.71, -99.65
30.873, 0.0, -6.0, 257.0, -1.66, 1.73, -99.66
30.894, 0.0, -5.0, 257.0, -1.67, 1.72, -99.66
30.913, 0.0, -6.0, 256.0, -1.66, 1.72, -99.66
30.934, 0.0, -6.0, 257.0, -1.66, 1.71, -99.66
30.953, 0.0, -5.0, 257.0, -1.67, 1.7, -99.66
30.976, 0.0, -5.0, 257.0, -1.65, 1.7, -99.67
30.993, 0.0, -6.0, 257.0, -1.64, 1.69, -99.66
31.013, 0.0, -6.0, 256.0, -1.65, 1.69, -99.66
31.033, 0.0, -4.0, 258.0, -1.65, 1.69, -99.66
31.053, 0.0, -6.0, 257.0, -1.62, 1.68, -99.65
31.073, -1.0, -6.0, 257.0, -1.63, 1.68, -99.65
31.095, -1.0, -4.0, 257.0, -1.63, 1.7, -99.64
31.113, 0.0, -6.0, 257.0, -1.6, 1.72, -99.64
31.133, -1.0, -7.0, 257.0, -1.61, 1.71, -99.63
31.153, 0.0, -6.0, 256.0, -1.64, 1.73, -99.63
31.173, 0.0, -4.0, 257.0, -1.65, 1.72, -99.63
31.194, 0.0, -6.0, 257.0, -1.61, 1.71, -99.62
31.215, 0.0, -4.0, 257.0, -1.63, 1.71, -99.62
31.234, 0.0, -5.0, 258.0, -1.59, 1.7, -99.62
31.253, 0.0, -7.0, 256.0, -1.58, 1.69, -99.63
31.273, -1.0, -5.0, 256.0, -1.62, 1.69, -99.63
31.293, 0.0, -4.0, 258.0, -1.6, 1.7, -99.64
31.313, 0.0, -6.0, 257.0, -1.57, 1.7, -99.64
31.335, -1.0, -6.0, 257.0, -1.58, 1.69, -99.64
31.353, 0.0, -3.0, 258.0, -1.6, 1.7, -99.65
31.373, 0.0, -5.0, 257.0, -1.54, 1.7, -99.64
31.393, 0.0, -7.0, 256.0, -1.53, 1.69, -99.64
31.413, 0.0, -6.0, 256.0, -1.57, 1.68, -99.64
31.433, -1.0, -5.0, 257.0, -1.59, 1.67, -99.64
31.455, 0.0, -7.0, 257.0, -1.58, 1.69, -99.64
31.473, 0.0, -6.0, 257.0, -1.62, 1.68, -99.64
31.493, -1.0, -5.0, 257.0, -1.62, 1.68, -99.64
31.513, 0.0, -6.0, 257.0, -1.61, 1.69, -99.64
31.534, 0.0, -6.0, 257.0, -1.62, 1.68, -99.64
31.553, 0.0, -5.0, 257.0, -1.63, 1.68, -99.64
31.576, 0.0, -5.0, 257.0, -1.62, 1.67, -99.65
31.593, 0.0, -6.0, 256.0, -1.6, 1.66, -99.64
31.613, 0.0, -5.0, 257.0, -1.61, 1.66, -99.64
31.633, 0.0, -6.0, 256.0, -1.6, 1.65, -99.64
31.653, -1.0, -6.0, 257.0, -1.61, 1.65, -99.64
31.673, -1.0, -5.0, 257.0, -1.62, 1.67, -99.64
31.695, 0.0, -5.0, 257.0, -1.61, 1.68, -99.63
31.713, 0.0, -5.0, 257.0, -1.59, 1.67, -99.64
31.733, 0.0, -6.0, 257.0, -1.58, 1.66, -99.64
31.753, 0.0, -5.0, 257.0, -1.59, 1.66, -99.65
31.773, 0.0, -6.0, 256.0, -1.58, 1.65, -99.65
31.793, 0.0, -6.0, 257.0, -1.59, 1.64, -99.66
31.815, -1.0, -5.0, 257.0, -1.61, 1.64, -99.66
31.834, 0.0, -6.0, 257.0, -1.59, 1.65, -99.67
31.853, 0.0, -5.0, 257.0, -1.6, 1.65, -99.69
31.874, 1.0, -5.0, 257.0, -1.59, 1.64, -99.7
31.893, 0.0, -5.0, 257.0, -1.58, 1.61, -99.71
31.913, -1.0, -6.0, 257.0, -1.57, 1.61, -99.72
31.935, -1.0, -6.0, 256.0, -1.58, 1.63, -99.73
31.953, 0.0, -5.0, 257.0, -1.59, 1.64, -99.74
31.973, 1.0, -5.0, 257.0, -1.58, 1.63, -99.74
31.993, 0.0, -5.0, 257.0, -1.57, 1.6, -99.74
32.013, 0.0, -5.0, 257.0, -1.56, 1.6, -99.74
32.033, 0.0, -6.0, 257.0, -1.55, 1.6, -99.74
32.055, 0.0, -6.0, 257.0, -1.57, 1.6, -99.74
32.073, 0.0, -4.0, 256.0, -1.58, 1.59, -99.76
