4.953, 0.0, 0.0, 256.0, 0.5, 0.62, -0.45
4.972, -1.0, 0.0, 257.0, 0.95, 1.18, -0.89
4.993, 0.0, 0.0, 257.0, 1.35, 1.7, -1.31
5.012, -1.0, 0.0, 257.0, 1.7, 2.16, -1.72
5.032, 0.0, 0.0, 256.0, 2.01, 2.59, -2.12
5.054, 0.0, -1.0, 256.0, 2.29, 2.96, -2.51
5.072, -1.0, 0.0, 257.0, 2.51, 3.3, -4.27
5.092, 0.0, 0.0, 257.0, 2.72, 3.62, -6.04
5.112, 0.0, 0.0, 256.0, 2.91, 3.9, -7.81
5.132, -1.0, 0.0, 256.0, 3.08, 4.14, -9.6
5.152, -1.0, 0.0, 257.0, 3.23, 4.38, -11.39
5.174, -1.0, 0.0, 256.0, 3.37, 4.6, -13.2
5.192, -1.0, 1.0, 256.0, 3.48, 4.79, -15.01
5.212, -1.0, 0.0, 257.0, 3.61, 4.97, -16.82
5.232, -1.0, 0.0, 257.0, 3.7, 5.13, -18.64
5.253, 0.0, 0.0, 256.0, 3.79, 5.28, -20.55
5.273, -1.0, 0.0, 257.0, 3.86, 5.38, -22.37
5.296, -1.0, 0.0, 256.0, 3.93, 5.5, -24.19
5.313, 0.0, 0.0, 257.0, 3.98, 5.6, -26.0
5.334, -1.0, 0.0, 257.0, 4.04, 5.67, -27.8
5.353, 0.0, 0.0, 256.0, 4.08, 5.75, -29.61
5.373, -1.0, 1.0, 257.0, 4.12, 5.81, -31.4
5.393, -1.0, 0.0, 257.0, 4.18, 5.87, -33.18
5.415, -1.0, 0.0, 256.0, 4.21, 5.94, -34.95
5.433, 0.0, 0.0, 256.0, 4.23, 5.99, -36.71
5.453, 0.0, 0.0, 257.0, 4.25, 6.02, -38.45
5.473, -1.0, 0.0, 257.0, 4.27, 6.04, -40.18
5.493, 0.0, 1.0, 257.0, 4.29, 6.09, -41.9
5.513, -1.0, 0.0, 256.0, 4.33, 6.11, -43.59
5.535, -1.0, 0.0, 256.0, 4.33, 6.14, -45.27
5.553, 0.0, -1.0, 257.0, 4.34, 6.17, -46.94
5.573, 0.0, 0.0, 256.0, 4.32, 6.18, -48.59
5.594, 0.0, 0.0, 256.0, 4.33, 6.18, -50.21
5.613, -1.0, 0.0, 255.0, 4.33, 6.19, -51.82
5.634, -1.0, 0.0, 257.0, 4.34, 6.22, -53.4
5.655, -1.0, 0.0, 257.0, 4.35, 6.24, -54.96
5.673, -1.0, 1.0, 257.0, 4.35, 6.26, -56.5
5.693, 0.0, 0.0, 256.0, 4.38, 6.28, -58.01
5.713, 0.0, 0.0, 256.0, 4.38, 6.27, -59.5
5.733, 0.0, 0.0, 256.0, 4.38, 6.26, -60.96
5.753, -1.0, 0.0, 257.0, 4.38, 6.25, -62.4
5.775, -1.0, 1.0, 256.0, 4.37, 6.26, -63.82
5.793, -1.0, 0.0, 257.0, 4.39, 6.28, -65.2
5.813, -1.0, 0.0, 257.0, 4.38, 6.29, -66.56
5.833, -1.0, 0.0, 257.0, 4.38, 6.3, -67.9
5.853, -1.0, 0.0, 257.0, 4.38, 6.31, -69.22
5.873, -1.0, 0.0, 257.0, 4.37, 6.32, -70.5
5.895, -1.0, 1.0, 257.0, 4.37, 6.32, -71.77
5.913, 0.0, 0.0, 256.0, 4.39, 6.33, -73.01
5.934, -1.0, -1.0, 256.0, 4.38, 6.31, -74.23
5.953, 0.0, 0.0, 256.0, 4.35, 6.31, -75.43
5.974, -1.0, 0.0, 257.0, 4.34, 6.29, -76.6
5.993, -1.0, 0.0, 256.0, 4.34, 6.3, -77.75
6.016, 0.0, 0.0, 256.0, 4.33, 6.3, -78.87
6.033, -1.0, 0.0, 257.0, 4.33, 6.27, -79.97
6.053, -1.0, 0.0, 256.0, 4.33, 6.28, -81.05
6.073, -1.0, 0.0, 257.0, 4.32, 6.28, -82.1
6.093, -1.0, 0.0, 257.0, 4.32, 6.28, -83.13
6.113, 0.0, 0.0, 257.0, 4.32, 6.28, -84.14
6.135, -1.0, 0.0, 257.0, 4.31, 6.26, -85.13
6.153, -1.0, 0.0, 256.0, 4.31, 6.26, -86.09
6.173, 0.0, 0.0, 256.0, 4.3, 6.26, -87.04
6.193, 0.0, 0.0, 256.0, 4.3, 6.24, -87.96
6.213, -1.0, 0.0, 257.0, 4.29, 6.22, -88.87
6.234, -1.0, 0.0, 256.0, 4.29, 6.22, -89.75
6.255, 0.0, 0.0, 257.0, 4.28, 6.22, -90.61
6.274, -1.0, 0.0, 256.0, 4.28, 6.2, -91.45
6.293, -2.0, -1.0, 256.0, 4.27, 6.21, -92.26
6.313, -1.0, 0.0, 256.0, 4.25, 6.23, -93.05
6.333, 0.0, 1.0, 257.0, 4.25, 6.23, -93.83
6.353, 0.0, 1.0, 257.0, 4.27, 6.2, -94.59
6.375, -1.0, -1.0, 257.0, 4.29, 6.18, -95.33
6.393, 0.0, -1.0, 256.0, 4.26, 6.19, -96.08
6.413, -1.0, 1.0, 257.0, 4.23, 6.16, -96.81
6.433, 0.0, 0.0, 257.0, 4.26, 6.16, -97.51
6.453, -1.0, 0.0, 256.0, 4.25, 6.14, -98.2
6.473, 0.0, -1.0, 256.0, 4.25, 6.14, -98.87
6.495, -1.0, -1.0, 257.0, 4.22, 6.12, -99.54
6.513, 0.0, 1.0, 257.0, 4.2, 6.12, -100.18
6.533, 0.0, 1.0, 257.0, 4.22, 6.11, -100.8
6.553, -1.0, 1.0, 257.0, 4.24, 6.09, -101.41
6.575, -1.0, -1.0, 257.0, 4.26, 6.1, -102.01
6.593, 0.0, 0.0, 257.0, 4.23, 6.1, -102.59
6.616, -1.0, -1.0, 257.0, 4.23, 6.09, -103.16
6.633, -1.0, 0.0, 257.0, 4.2, 6.09, -103.72
6.653, 0.0, 0.0, 257.0, 4.2, 6.09, -104.26
6.673, -1.0, 0.0, 257.0, 4.2, 6.07, -104.79
6.693, 0.0, -1.0, 256.0, 4.2, 6.08, -105.31
6.713, -1.0, 1.0, 257.0, 4.17, 6.05, -105.82
6.735, 0.0, 0.0, 257.0, 4.2, 6.06, -106.31
6.753, 0.0, 0.0, 256.0, 4.2, 6.04, -106.79
6.773, -1.0, 0.0, 257.0, 4.19, 6.02, -107.25
6.793, 0.0, 0.0, 256.0, 4.19, 6.03, -107.7
6.813, -1.0, 0.0, 256.0, 4.18, 6.01, -108.15
6.833, 0.0, 0.0, 256.0, 4.18, 6.01, -108.58
6.855, -1.0, 0.0, 257.0, 4.17, 5.99, -109.0
6.874, 0.0, -1.0, 256.0, 4.17, 6.0, -109.41
6.893, -1.0, 0.0, 257.0, 4.14, 5.98, -109.82
6.914, -1.0, 0.0, 257.0, 4.14, 5.99, -110.22
6.933, 0.0, 0.0, 257.0, 4.14, 5.99, -110.6
6.953, -1.0, 0.0, 256.0, 4.14, 5.97, -110.98
6.975, -1.0, 0.0, 256.0, 4.13, 5.98, -111.35
6.993, -1.0, 0.0, 257.0, 4.13, 5.98, -111.72
7.013, -1.0, 1.0, 256.0, 4.13, 5.98, -112.08
7.033, -1.0, 0.0, 257.0, 4.15, 5.98, -112.43
7.053, -1.0, 1.0, 256.0, 4.15, 5.98, -112.77
7.073, -1.0, 1.0, 256.0, 4.16, 5.98, -113.11
7.095, 0.0, 0.0, 257.0, 4.18, 5.98, -113.43
7.113, 0.0, 1.0, 256.0, 4.17, 5.96, -113.75
7.133, 0.0, 0.0, 257.0, 4.18, 5.94, -114.06
7.153, -1.0, 0.0, 256.0, 4.17, 5.92, -114.36
7.173, 0.0, -1.0, 257.0, 4.16, 5.93, -114.66
7.193, -1.0, 1.0, 257.0, 4.13, 5.91, -114.95
7.216, 0.0, 0.0, 256.0, 4.15, 5.91, -115.23
7.233, -1.0, 0.0, 257.0, 4.14, 5.89, -115.49
7.254, -1.0, -1.0, 257.0, 4.13, 5.9, -115.75
7.273, -1.0, 0.0, 256.0, 4.1, 5.9, -116.01
7.293, -1.0, 0.0, 257.0, 4.1, 5.9, -116.26
7.313, 0.0, 1.0, 258.0, 4.1, 5.9, -116.5
7.335, 0.0, 0.0, 257.0, 4.12, 5.89, -116.73
7.353, -1.0, 0.0, 256.0, 4.11, 5.87, -116.96
7.373, -1.0, 0.0, 257.0, 4.1, 5.87, -117.19
7.393, 0.0, 0.0, 257.0, 4.1, 5.87, -117.41
7.413, -1.0, 0.0, 257.0, 4.09, 5.85, -117.62
7.433, -1.0, 0.0, 257.0, 4.09, 5.85, -117.83
7.455, -1.0, 0.0, 256.0, 4.08, 5.86, -118.04
7.473, 0.0, -1.0, 257.0, 4.07, 5.86, -118.25
7.493, 0.0, 0.0, 256.0, 4.04, 5.83, -118.45
7.514, 0.0, 0.0, 257.0, 4.04, 5.82, -118.65
7.533, 0.0, -1.0, 257.0, 4.04, 5.8, -118.85
7.554, 0.0, 0.0, 256.0, 4.02, 5.78, -119.04
7.575, 0.0, 0.0, 256.0, 4.01, 5.76, -119.22
7.593, -1.0, 1.0, 257.0, 4.01, 5.74, -119.41
7.613, 0.0, 0.0, 257.0, 4.04, 5.75, -119.58
7.633, -1.0, -1.0, 256.0, 4.03, 5.74, -119.76
7.653, 0.0, 0.0, 256.0, 4.0, 5.74, -119.93
7.673, -1.0, 0.0, 257.0, 4.01, 5.72, -120.1
7.695, -1.0, 1.0, 257.0, 4.01, 5.73, -120.26
7.713, 0.0, 1.0, 257.0, 4.03, 5.74, -120.41
7.733, -1.0, 0.0, 256.0, 4.05, 5.72, -120.56
7.753, -1.0, 0.0, 256.0, 4.04, 5.72, -120.71
7.773, -1.0, 0.0, 257.0, 4.03, 5.73, -120.86
7.793, 1.0, 1.0, 257.0, 4.02, 5.73, -121.0
7.815, -1.0, 0.0, 256.0, 4.04, 5.69, -121.14
7.833, -1.0, 0.0, 256.0, 4.03, 5.7, -121.28
7.854, -1.0, 0.0, 256.0, 4.02, 5.7, -121.42
7.873, 0.0, 0.0, 257.0, 4.01, 5.71, -121.56
7.894, -1.0, 0.0, 257.0, 4.01, 5.69, -121.7
7.913, -1.0, 1.0, 256.0, 4.0, 5.7, -121.83
7.936, -1.0, 0.0, 256.0, 4.02, 5.7, -121.96
7.953, 0.0, 0.0, 257.0, 4.01, 5.7, -122.07
7.973, -1.0, 0.0, 257.0, 4.0, 5.68, -122.19
7.993, -1.0, 0.0, 257.0, 4.0, 5.69, -122.3
8.013, -1.0, 0.0, 256.0, 3.99, 5.69, -122.41
8.033, -1.0, 0.0, 256.0, 3.98, 5.69, -122.52
8.055, 0.0, 0.0, 256.0, 3.98, 5.69, -122.63
8.073, 0.0, 1.0, 257.0, 3.97, 5.66, -122.73
8.093, 0.0, 0.0, 257.0, 3.99, 5.64, -122.82
8.113, -1.0, 0.0, 256.0, 3.98, 5.62, -122.92
8.133, -1.0, 0.0, 257.0, 3.98, 5.63, -123.02
8.154, -1.0, 0.0, 256.0, 3.97, 5.63, -123.11
8.175, -1.0, 0.0, 256.0, 3.96, 5.64, -123.21
8.194, 0.0, 0.0, 256.0, 3.95, 5.64, -123.3
8.213, -1.0, 0.0, 257.0, 3.95, 5.61, -123.39
8.233, -1.0, 0.0, 257.0, 3.94, 5.62, -123.48
8.253, 0.0, 0.0, 256.0, 3.94, 5.62, -123.56
8.273, 0.0, 0.0, 257.0, 3.93, 5.59, -123.65
8.295, -1.0, -1.0, 257.0, 3.93, 5.57, -123.73
8.313, -1.0, 0.0, 257.0, 3.9, 5.58, -123.8
8.333, -1.0, 0.0, 257.0, 3.9, 5.58, -123.86
8.353, 0.0, 0.0, 257.0, 3.9, 5.58, -123.93
8.373, -1.0, 0.0, 257.0, 3.9, 5.56, -123.99
8.393, -1.0, 0.0, 256.0, 3.9, 5.57, -124.06
8.415, -1.0, 0.0, 257.0, 3.89, 5.57, -124.12
8.433, -1.0, 0.0, 257.0, 3.89, 5.57, -124.19
8.453, 0.0, 1.0, 257.0, 3.88, 5.58, -124.27
8.473, -1.0, 0.0, 256.0, 3.9, 5.55, -124.34
8.494, 0.0, 0.0, 256.0, 3.9, 5.55, -124.41
8.513, 0.0, 0.0, 256.0, 3.89, 5.53, -124.48
8.536, 0.0, 0.0, 256.0, 3.88, 5.51, -124.54
8.553, 0.0, 1.0, 258.0, 3.88, 5.49, -124.61
8.573, -1.0, 1.0, 256.0, 3.9, 5.48, -124.67
8.593, -1.0, 0.0, 257.0, 3.91, 5.48, -124.73
8.613, -1.0, 0.0, 256.0, 3.9, 5.49, -124.8
8.633, 0.0, 0.0, 257.0, 3.89, 5.49, -124.86
8.655, 0.0, 0.0, 256.0, 3.89, 5.48, -124.92
8.673, 0.0, 0.0, 256.0, 3.88, 5.46, -124.97
8.693, 0.0, 0.0, 256.0, 3.87, 5.44, -125.01
8.713, 0.0, 0.0, 256.0, 3.86, 5.42, -125.06
8.733, -1.0, 1.0, 257.0, 3.86, 5.4, -125.1
8.753, 0.0, 0.0, 256.0, 3.87, 5.41, -125.14
8.775, 0.0, 0.0, 256.0, 3.87, 5.4, -125.18
8.794, -1.0, 0.0, 256.0, 3.86, 5.38, -125.23
8.813, 0.0, 0.0, 257.0, 3.85, 5.39, -125.27
8.834, -1.0, 0.0, 257.0, 3.84, 5.38, -125.31
8.853, -1.0, 0.0, 257.0, 3.84, 5.39, -125.36
8.873, 0.0, 0.0, 256.0, 3.83, 5.4, -125.4
8.895, 0.0, 0.0, 256.0, 3.83, 5.38, -125.44
8.913, -1.0, 0.0, 257.0, 3.82, 5.36, -125.48
8.933, 0.0, 0.0, 256.0, 3.82, 5.37, -125.52
8.953, -1.0, 0.0, 257.0, 3.82, 5.35, -125.56
8.973, 0.0, 1.0, 257.0, 3.81, 5.36, -125.6
8.993, 0.0, 0.0, 257.0, 3.83, 5.35, -125.64
9.015, 0.0, 0.0, 256.0, 3.83, 5.33, -125.68
9.033, -1.0, 0.0, 256.0, 3.82, 5.32, -125.71
9.053, -1.0, 0.0, 257.0, 3.81, 5.33, -125.74
9.073, -1.0, 0.0, 257.0, 3.8, 5.33, -125.76
9.093, 0.0, 0.0, 257.0, 3.8, 5.34, -125.79
9.113, -1.0, 1.0, 257.0, 3.79, 5.33, -125.81
9.136, -1.0, 0.0, 256.0, 3.81, 5.33, -125.84
9.153, -1.0, 0.0, 257.0, 3.8, 5.34, -125.88
9.174, -1.0, 0.0, 256.0, 3.8, 5.34, -125.92
9.193, -1.0, 0.0, 256.0, 3.79, 5.35, -125.96
9.213, -1.0, 0.0, 257.0, 3.78, 5.35, -126.0
9.233, -1.0, 0.0, 257.0, 3.77, 5.35, -126.04
9.255, -1.0, 0.0, 257.0, 3.77, 5.36, -126.08
9.273, 0.0, 0.0, 257.0, 3.76, 5.36, -126.11
9.293, 0.0, 0.0, 256.0, 3.76, 5.33, -126.13
9.313, -1.0, 0.0, 257.0, 3.75, 5.31, -126.16
9.333, 0.0, 0.0, 257.0, 3.75, 5.31, -126.19
9.353, -1.0, 0.0, 257.0, 3.74, 5.29, -126.21
9.375, 0.0, 0.0, 256.0, 3.74, 5.3, -126.24
9.393, 0.0, 0.0, 256.0, 3.73, 5.28, -126.27
9.413, 0.0, 0.0, 256.0, 3.73, 5.26, -126.29
9.434, -1.0, 0.0, 257.0, 3.72, 5.24, -126.32
9.453, 0.0, 0.0, 256.0, 3.72, 5.25, -126.35
9.474, -1.0, 0.0, 257.0, 3.72, 5.23, -126.38
9.495, -1.0, 0.0, 256.0, 3.71, 5.23, -126.41
9.513, 0.0, 0.0, 257.0, 3.71, 5.24, -126.43
9.533, -1.0, 0.0, 256.0, 3.71, 5.22, -126.46
9.553, -1.0, 0.0, 257.0, 3.7, 5.23, -126.48
9.573, 0.0, 0.0, 257.0, 3.7, 5.23, -126.51
9.593, -1.0, 0.0, 257.0, 3.69, 5.21, -126.54
9.615, -1.0, 0.0, 257.0, 3.69, 5.21, -126.56
9.633, 0.0, 0.0, 256.0, 3.69, 5.22, -126.58
9.653, 0.0, 0.0, 256.0, 3.68, 5.2, -126.6
9.673, -1.0, 0.0, 257.0, 3.68, 5.18, -126.62
9.693, 0.0, 0.0, 258.0, 3.68, 5.19, -126.63
9.713, 0.0, 0.0, 256.0, 3.68, 5.17, -126.65
9.735, -1.0, 0.0, 257.0, 3.67, 5.15, -126.66
9.753, 0.0, 1.0, 257.0, 3.67, 5.16, -126.67
9.774, 0.0, 0.0, 257.0, 3.69, 5.14, -126.68
9.793, -1.0, 0.0, 257.0, 3.68, 5.13, -126.7
9.814, 0.0, 0.0, 256.0, 3.68, 5.14, -126.71
9.833, 0.0, 0.0, 256.0, 3.67, 5.12, -126.72
9.856, 0.0, 0.0, 256.0, 3.66, 5.11, -126.73
9.873, 0.0, 0.0, 257.0, 3.66, 5.09, -126.74
9.893, -1.0, 0.0, 257.0, 3.65, 5.08, -126.74
9.913, -1.0, 0.0, 257.0, 3.65, 5.09, -126.75
9.933, 0.0, 0.0, 256.0, 3.65, 5.1, -126.76
9.953, -1.0, 0.0, 257.0, 3.64, 5.08, -126.77
9.975, -1.0, 0.0, 256.0, 3.64, 5.09, -126.78
9.993, 0.0, 0.0, 257.0, 3.63, 5.1, -126.78
10.013, -1.0, 1.0, 257.0, 3.63, 5.08, -126.79
10.033, -1.0, 0.0, 257.0, 3.65, 5.09, -126.8
10.053, -1.0, 0.0, 256.0, 3.64, 5.1, -126.81
10.074, -1.0, 0.0, 256.0, 3.64, 5.1, -126.82
10.095, 0.0, 0.0, 256.0, 3.63, 5.1, -126.83
10.114, -1.0, 0.0, 257.0, 3.63, 5.08, -126.84
10.133, 0.0, 0.0, 256.0, 3.62, 5.09, -126.85
10.153, 0.0, -1.0, 257.0, 3.61, 5.07, -126.86
10.173, -1.0, 0.0, 256.0, 3.59, 5.05, -126.87
10.193, -1.0, 0.0, 257.0, 3.58, 5.06, -126.88
10.215, -1.0, 0.0, 257.0, 3.58, 5.06, -126.89
10.233, -1.0, 0.0, 256.0, 3.58, 5.07, -126.9
10.253, 0.0, 0.0, 257.0, 3.57, 5.07, -126.91
10.273, -1.0, 0.0, 257.0, 3.57, 5.05, -126.93
10.293, 0.0, 0.0, 256.0, 3.57, 5.05, -126.94
10.313, -1.0, 0.0, 256.0, 3.57, 5.03, -126.95
10.335, -1.0, 0.0, 257.0, 3.56, 5.03, -126.96
10.353, -1.0, 0.0, 257.0, 3.56, 5.04, -126.97
10.373, -1.0, 0.0, 257.0, 3.56, 5.04, -126.98
10.393, 0.0, 0.0, 256.0, 3.56, 5.04, -127.0
10.414, 0.0, 1.0, 257.0, 3.55, 5.02, -127.01
10.433, -1.0, 0.0, 257.0, 3.57, 5.0, -127.02
10.456, 0.0, 0.0, 257.0, 3.56, 5.0, -127.03
10.473, 0.0, 0.0, 256.0, 3.56, 4.99, -127.05
10.493, -1.0, 0.0, 258.0, 3.55, 4.97, -127.07
10.513, -1.0, 0.0, 257.0, 3.55, 4.98, -127.08
10.533, -1.0, 0.0, 257.0, 3.55, 4.99, -127.1
10.553, -1.0, 0.0, 255.0, 3.54, 4.99, -127.11
10.575, 1.0, 0.0, 256.0, 3.54, 4.99, -127.13
10.593, -1.0, 0.0, 257.0, 3.53, 4.95, -127.14
10.613, 0.0, 1.0, 257.0, 3.53, 4.96, -127.16
10.633, -1.0, 1.0, 257.0, 3.55, 4.94, -127.16
10.653, -1.0, 0.0, 257.0, 3.56, 4.94, -127.18
10.673, 0.0, 0.0, 257.0, 3.56, 4.95, -127.19
10.695, -1.0, 0.0, 256.0, 3.55, 4.93, -127.2
10.714, -1.0, 0.0, 256.0, 3.54, 4.93, -127.22
10.733, 0.0, 0.0, 258.0, 3.53, 4.93, -127.24
10.754, 0.0, 0.0, 258.0, 3.53, 4.92, -127.25
10.773, -1.0, 0.0, 255.0, 3.52, 4.91, -127.27
10.793, -2.0, 0.0, 254.0, 3.52, 4.92, -127.28
10.815, -2.0, 1.0, 255.0, 3.52, 4.95, -127.3
10.833, 0.0, 0.0, 257.0, 3.54, 4.98, -127.3
10.853, 0.0, 1.0, 257.0, 3.53, 4.95, -127.31
10.873, 1.0, 0.0, 257.0, 3.55, 4.93, -127.32
10.893, -2.0, 0.0, 255.0, 3.54, 4.88, -127.33
10.914, -1.0, -1.0, 255.0, 3.53, 4.91, -127.34
10.935, 0.0, 0.0, 257.0, 3.51, 4.92, -127.35
10.953, -1.0, 1.0, 257.0, 3.5, 4.9, -127.36
10.973, 1.0, 0.0, 257.0, 3.52, 4.9, -127.37
10.993, -2.0, 0.0, 254.0, 3.51, 4.86, -127.39
11.013, 0.0, 0.0, 256.0, 3.51, 4.9, -127.4
11.033, 0.0, 1.0, 257.0, 3.5, 4.88, -127.41
11.056, -1.0, 1.0, 256.0, 3.52, 4.86, -127.42
11.073, 0.0, 0.0, 257.0, 3.53, 4.86, -127.43
11.094, -2.0, 0.0, 255.0, 3.51, 4.84, -127.44
11.113, 0.0, -1.0, 257.0, 3.51, 4.88, -127.45
11.133, 0.0, 0.0, 258.0, 3.47, 4.85, -127.45
11.153, 0.0, 0.0, 258.0, 3.46, 4.84, -127.46
11.175, 0.0, -1.0, 255.0, 3.46, 4.82, -127.46
11.194, -2.0, -1.0, 254.0, 3.44, 4.81, -127.45
11.213, -2.0, -1.0, 258.0, 3.42, 4.85, -127.44
11.233, -5.0, 2.0, 257.0, 3.4, 4.87, -127.42
11.253, -9.0, 2.0, 256.0, 3.44, 4.95, -127.41
11.274, -12.0, 4.0, 255.0, 3.48, 5.12, -127.42
11.295, -13.0, 3.0, 252.0, 3.57, 5.34, -127.44
11.314, -15.0, 4.0, 256.0, 3.64, 5.57, -127.49
11.333, 1.0, -1.0, 263.0, 3.71, 5.79, -127.53
11.354, -6.0, -2.0, 259.0, 3.65, 5.65, -127.56
11.374, -4.0, -7.0, 248.0, 3.58, 5.67, -127.57
11.395, -20.0, 7.0, 266.0, 3.44, 5.66, -127.6
11.415, -18.0, -1.0, 250.0, 3.61, 5.99, -127.62
11.433, -21.0, 0.0, 263.0, 3.6, 6.25, -127.65
11.454, -18.0, 0.0, 238.0, 3.59, 6.51, -127.65
11.474, -14.0, -5.0, 263.0, 3.61, 6.69, -127.63
11.494, -11.0, 6.0, 252.0, 3.42, 6.77, -127.61
11.514, -16.0, 1.0, 258.0, 3.56, 6.78, -127.57
11.535, -8.0, -3.0, 248.0, 3.58, 6.95, -127.55
11.554, -13.0, -6.0, 265.0, 3.53, 6.96, -127.48
11.573, -16.0, 0.0, 262.0, 3.4, 7.0, -127.42
11.593, -8.0, -4.0, 258.0, 3.39, 7.08, -127.33
11.614, -16.0, 7.0, 279.0, 3.28, 7.09, -127.25
11.634, -15.0, 9.0, 240.0, 3.48, 7.26, -127.16
11.655, 2.0, -8.0, 268.0, 3.75, 7.5, -127.07
11.673, -1.0, 1.0, 262.0, 3.56, 7.29, -127.0
11.695, -12.0, 1.0, 251.0, 3.56, 7.09, -126.88
11.714, -19.0, 18.0, 242.0, 3.53, 7.17, -126.77
11.735, -13.0, -1.0, 264.0, 3.95, 7.44, -126.64
11.754, -26.0, 6.0, 214.0, 3.9, 7.45, -126.6
11.776, -19.0, -3.0, 267.0, 4.12, 8.02, -126.51
11.794, -14.0, 7.0, 234.0, 4.01, 8.15, -126.47
11.814, -17.0, 2.0, 260.0, 4.17, 8.19, -126.41
11.834, -18.0, 8.0, 245.0, 4.17, 8.14, -126.37
11.854, -15.0, 7.0, 277.0, 4.28, 8.15, -126.3
11.874, -14.0, -6.0, 209.0, 4.32, 7.96, -126.25
11.895, -2.0, 1.0, 281.0, 4.31, 7.94, -126.19
11.914, -18.0, 23.0, 317.0, 4.18, 7.71, -126.12
11.934, -12.0, -2.0, 205.0, 4.55, 7.93, -126.04
11.953, -5.0, -4.0, 286.0, 4.65, 8.29, -125.99
11.973, -9.0, 3.0, 259.0, 4.5, 8.28, -126.0
11.995, -17.0, 7.0, 246.0, 4.49, 8.29, -126.01
12.015, -16.0, 2.0, 257.0, 4.58, 8.45, -125.99
12.035, -22.0, 14.0, 298.0, 4.54, 8.73, -125.99
12.054, -19.0, -4.0, 224.0, 4.77, 8.95, -125.95
12.075, -7.0, 1.0, 220.0, 4.73, 9.06, -125.93
12.094, -10.0, 1.0, 247.0, 4.73, 8.85, -125.91
12.114, -22.0, -1.0, 239.0, 4.59, 8.39, -125.9
12.135, -17.0, 1.0, 335.0, 4.47, 8.43, -125.88
12.153, -20.0, 0.0, 272.0, 4.54, 8.6, -125.82
12.173, -7.0, -6.0, 260.0, 4.41, 8.65, -125.79
12.193, -5.0, -6.0, 297.0, 4.11, 8.47, -125.75
12.213, -7.0, -1.0, 256.0, 3.97, 8.52, -125.69
12.234, -18.0, 11.0, 264.0, 3.87, 8.5, -125.65
12.255, -13.0, 5.0, 211.0, 4.11, 8.65, -125.6
12.274, -27.0, 3.0, 287.0, 4.31, 8.89, -125.5
12.294, -31.0, -5.0, 195.0, 4.3, 8.93, -125.45
12.314, -29.0, -7.0, 223.0, 4.3, 8.98, -125.44
12.335, -28.0, -6.0, 255.0, 4.16, 9.18, -125.42
12.354, -25.0, 12.0, 255.0, 3.9, 9.41, -125.45
12.376, -10.0, 28.0, 265.0, 4.14, 9.63, -125.45
12.394, -9.0, 11.0, 262.0, 4.71, 9.6, -125.32
12.413, 5.0, 0.0, 284.0, 4.87, 9.7, -125.2
12.434, -25.0, 20.0, 214.0, 4.8, 9.33, -125.17
12.454, -26.0, -7.0, 218.0, 5.09, 9.49, -125.06
12.474, -4.0, -14.0, 208.0, 4.95, 9.44, -124.95
12.495, -7.0, -2.0, 290.0, 4.72, 9.03, -124.69
12.513, 21.0, 4.0, 411.0, 4.45, 8.84, -124.33
12.534, -10.0, 15.0, 194.0, 4.7, 9.89, -123.91
12.554, 21.0, 5.0, 264.0, 5.09, 10.49, -123.57
12.574, -6.0, -2.0, 179.0, 5.17, 9.63, -123.33
12.594, -13.0, -4.0, 216.0, 5.39, 9.61, -123.09
12.615, 7.0, -17.0, 257.0, 5.19, 9.21, -122.85
12.635, 19.0, 25.0, 383.0, 4.3, 8.26, -122.57
12.654, -2.0, 26.0, 293.0, 4.39, 8.82, -122.21
12.675, 5.0, 47.0, 209.0, 4.8, 9.06, -121.93
12.694, 7.0, -4.0, 231.0, 5.74, 9.14, -121.75
12.715, 4.0, -10.0, 236.0, 5.64, 8.93, -121.73
12.735, -6.0, -11.0, 161.0, 5.19, 8.47, -121.8
12.754, -5.0, -14.0, 212.0, 5.21, 8.42, -121.74
12.773, -6.0, 4.0, 329.0, 4.98, 8.08, -121.66
12.794, -10.0, 20.0, 321.0, 5.17, 8.0, -121.53
12.814, 9.0, 25.0, 298.0, 5.57, 8.13, -121.41
12.834, 5.0, 28.0, 373.0, 5.94, 8.19, -121.34
12.855, -6.0, 25.0, 264.0, 6.25, 9.04, -121.36
12.874, -4.0, -16.0, 169.0, 6.46, 9.04, -121.35
12.894, 0.0, -10.0, 227.0, 6.5, 9.18, -121.3
12.914, -1.0, -11.0, 258.0, 6.13, 8.69, -121.23
12.933, 4.0, -4.0, 302.0, 5.43, 7.99, -121.13
12.953, 9.0, -9.0, 259.0, 5.05, 7.62, -120.96
12.976, 39.0, -31.0, 359.0, 4.51, 7.16, -120.79
12.994, 28.0, -18.0, 226.0, 4.63, 7.79, -120.37
13.015, -34.0, 10.0, 140.0, 4.51, 7.53, -120.01
13.034, -17.0, 3.0, 194.0, 5.09, 7.95, -119.63
13.054, -14.0, 7.0, 230.0, 5.34, 8.03, -119.32
13.074, -19.0, 24.0, 205.0, 5.26, 7.85, -119.1
13.095, -16.0, 51.0, 258.0, 5.45, 7.77, -118.91
13.114, -3.0, 28.0, 349.0, 6.29, 7.65, -118.63
13.133, 32.0, 3.0, 393.0, 6.66, 8.27, -118.23
13.153, 9.0, -1.0, 226.0, 7.07, 9.04, -117.89
13.174, -25.0, 1.0, 254.0, 6.79, 8.82, -117.76
13.194, -25.0, -8.0, 268.0, 6.36, 9.09, -117.69
13.215, -26.0, 15.0, 205.0, 5.79, 9.12, -117.77
13.234, -19.0, 1.0, 201.0, 6.07, 9.33, -117.75
13.253, 1.0, 5.0, 349.0, 6.24, 9.24, -117.73
13.275, 36.0, -21.0, 417.0, 6.39, 9.4, -117.52
13.294, 34.0, 16.0, 267.0, 6.65, 10.35, -117.09
13.315, -11.0, 20.0, 237.0, 6.55, 9.48, -116.75
13.335, -13.0, 11.0, 212.0, 6.75, 9.67, -116.4
13.355, -25.0, 18.0, 185.0, 6.97, 9.79, -116.17
13.374, -31.0, 15.0, 207.0, 7.29, 9.99, -116.01
13.394, -11.0, 25.0, 203.0, 7.34, 10.06, -115.97
13.414, 13.0, 10.0, 269.0, 7.47, 9.74, -115.92
13.434, 82.0, -55.0, 520.0, 7.12, 9.0, -115.61
13.455, -3.0, 42.0, 218.0, 7.37, 10.06, -114.96
13.474, -35.0, 1.0, 136.0, 8.01, 10.06, -114.59
13.494, -23.0, -13.0, 240.0, 8.29, 10.51, -114.37
13.514, 12.0, -12.0, 224.0, 7.68, 10.61, -114.32
13.534, -28.0, 52.0, 250.0, 7.17, 10.14, -114.46
13.554, -11.0, 40.0, 193.0, 8.01, 10.08, -114.46
13.575, -2.0, 11.0, 255.0, 8.53, 9.94, -114.53
13.594, 59.0, -31.0, 360.0, 8.15, 9.18, -114.46
13.615, 68.0, 55.0, 160.0, 8.01, 9.68, -113.98
13.634, 12.0, 29.0, 164.0, 8.23, 9.41, -113.6
13.655, -9.0, 26.0, 250.0, 8.5, 9.69, -113.44
13.674, 8.0, -30.0, 224.0, 8.46, 9.5, -113.49
13.696, -47.0, 15.0, 204.0, 7.65, 9.38, -113.75
13.714, -24.0, 7.0, 199.0, 7.62, 9.85, -114.12
13.734, 10.0, 25.0, 254.0, 7.6, 9.71, -114.55
13.753, 6.0, 12.0, 449.0, 7.72, 8.8, -114.84
13.774, 42.0, -38.0, 260.0, 7.91, 9.46, -114.98
13.794, -13.0, -12.0, 220.0, 6.56, 8.44, -115.11
13.815, -24.0, 1.0, 247.0, 5.96, 8.6, -115.17
13.834, 4.0, -10.0, 296.0, 5.54, 8.85, -115.24
13.854, -18.0, 9.0, 189.0, 5.15, 8.6, -115.41
13.874, 0.0, -22.0, 202.0, 5.42, 8.9, -115.52
13.894, -5.0, 3.0, 238.0, 5.21, 8.88, -115.72
13.915, -11.0, 5.0, 282.0, 4.95, 8.43, -115.97
13.935, -10.0, -5.0, 207.0, 4.8, 7.79, -116.21
13.954, -3.0, -19.0, 421.0, 4.66, 7.69, -116.36
13.974, -26.0, 28.0, 321.0, 4.94, 8.26, -116.43
13.995, -24.0, -3.0, 215.0, 5.34, 8.68, -116.44
14.014, -13.0, 0.0, 216.0, 5.2, 9.19, -116.41
14.034, -2.0, -14.0, 200.0, 5.1, 9.29, -116.32
14.055, -3.0, -15.0, 225.0, 4.91, 9.12, -116.23
14.073, 2.0, -7.0, 255.0, 4.45, 8.66, -116.15
14.094, -13.0, 17.0, 250.0, 4.12, 7.95, -116.06
14.114, -17.0, 25.0, 337.0, 4.35, 7.8, -115.99
14.133, 6.0, 4.0, 243.0, 4.76, 8.15, -115.99
14.154, 7.0, -21.0, 243.0, 4.93, 7.82, -116.0
14.175, 12.0, 7.0, 293.0, 4.3, 7.33, -116.02
14.193, 1.0, 33.0, 260.0, 4.21, 6.89, -115.94
14.214, 26.0, -2.0, 267.0, 4.71, 6.69, -115.75
14.233, 7.0, -1.0, 221.0, 4.5, 6.13, -115.62
14.254, 0.0, -8.0, 233.0, 4.61, 6.21, -115.56
14.274, -13.0, -21.0, 240.0, 4.48, 6.1, -115.68
14.296, 21.0, 7.0, 234.0, 4.03, 6.12, -115.83
14.314, 19.0, 3.0, 229.0, 4.19, 5.38, -115.84
14.333, 27.0, 2.0, 290.0, 4.13, 4.85, -115.68
14.354, 19.0, 10.0, 277.0, 3.94, 4.16, -115.44
14.374, -27.0, 38.0, 340.0, 3.99, 3.88, -115.36
14.394, -20.0, -7.0, 226.0, 4.41, 4.42, -115.52
14.415, 49.0, -33.0, 279.0, 4.31, 4.9, -115.75
14.434, 50.0, -15.0, 263.0, 3.67, 4.19, -115.76
14.454, 16.0, -12.0, 230.0, 3.38, 3.22, -115.62
14.474, 37.0, -9.0, 290.0, 3.15, 3.12, -115.5
14.494, 21.0, 2.0, 255.0, 3.1, 2.79, -115.36
14.514, 20.0, -19.0, 214.0, 3.22, 2.42, -115.32
14.535, 42.0, -5.0, 296.0, 3.08, 2.3, -115.32
14.555, 2.0, 10.0, 200.0, 3.16, 2.01, -115.28
14.574, -13.0, 23.0, 257.0, 3.48, 2.2, -115.33
14.595, 4.0, 12.0, 239.0, 3.59, 2.44, -115.43
14.614, 18.0, -8.0, 277.0, 3.7, 2.49, -115.47
14.635, 7.0, -19.0, 191.0, 3.44, 2.05, -115.54
14.655, 14.0, -26.0, 291.0, 3.34, 2.21, -115.55
14.674, 11.0, -6.0, 247.0, 3.04, 2.17, -115.58
14.694, 9.0, 19.0, 255.0, 2.86, 2.07, -115.66
14.714, 19.0, 8.0, 237.0, 3.32, 1.95, -115.73
14.734, 21.0, -7.0, 271.0, 3.45, 1.83, -115.77
14.754, 6.0, 17.0, 223.0, 3.31, 1.59, -115.88
14.775, 12.0, -2.0, 249.0, 3.64, 1.73, -116.01
14.794, 14.0, -4.0, 282.0, 3.54, 1.63, -116.13
14.813, -1.0, 8.0, 227.0, 3.41, 1.63, -116.2
14.834, 25.0, -24.0, 318.0, 3.62, 1.96, -116.25
14.854, -5.0, -3.0, 241.0, 3.43, 2.03, -116.28
14.874, -12.0, 6.0, 259.0, 3.42, 2.45, -116.36
14.896, -10.0, 5.0, 228.0, 3.55, 2.93, -116.5
14.914, 6.0, -22.0, 264.0, 3.7, 3.33, -116.57
14.935, 6.0, -12.0, 227.0, 3.15, 3.24, -116.61
14.954, 27.0, -14.0, 270.0, 3.03, 3.21, -116.63
14.974, 15.0, 5.0, 256.0, 2.83, 2.77, -116.68
14.994, 11.0, 9.0, 261.0, 3.02, 2.62, -116.72
15.015, 14.0, -6.0, 242.0, 3.24, 2.51, -116.73
15.033, 4.0, -2.0, 255.0, 3.14, 2.39, -116.72
15.054, 6.0, -10.0, 258.0, 3.07, 2.4, -116.7
15.074, 11.0, -9.0, 263.0, 2.84, 2.41, -116.66
15.093, 8.0, -3.0, 261.0, 2.69, 2.37, -116.63
15.114, -4.0, 8.0, 254.0, 2.66, 2.36, -116.62
15.135, -5.0, -4.0, 252.0, 2.87, 2.58, -116.6
15.153, -4.0, -4.0, 266.0, 2.81, 2.84, -116.61
15.174, -11.0, -4.0, 253.0, 2.76, 3.05, -116.63
15.195, -15.0, 1.0, 257.0, 2.69, 3.37, -116.66
15.214, -21.0, 3.0, 257.0, 2.71, 3.76, -116.68
15.235, -11.0, -10.0, 251.0, 2.77, 4.22, -116.7
15.255, 4.0, -11.0, 265.0, 2.55, 4.41, -116.72
15.275, 12.0, -18.0, 264.0, 2.36, 4.29, -116.64
15.293, -8.0, 0.0, 245.0, 2.03, 4.03, -116.54
15.313, -1.0, -4.0, 257.0, 2.15, 4.18, -116.43
15.334, 11.0, -2.0, 262.0, 2.11, 4.12, -116.33
15.353, -7.0, 3.0, 269.0, 2.13, 3.91, -116.59
15.375, -7.0, -5.0, 239.0, 2.31, 4.07, -116.55
15.394, -11.0, 14.0, 265.0, 2.32, 4.28, -116.54
15.414, 1.0, -4.0, 254.0, 2.68, 4.47, -116.51
15.433, 2.0, -4.0, 242.0, 2.6, 4.3, -116.48
15.453, 3.0, 0.0, 277.0, 2.57, 4.26, -116.45
15.473, -5.0, 0.0, 266.0, 2.65, 4.27, -116.45
15.495, -2.0, -7.0, 242.0, 2.7, 4.34, -116.46
15.514, -3.0, -3.0, 251.0, 2.61, 4.34, -116.44
15.534, -5.0, -3.0, 264.0, 2.56, 4.34, -116.4
15.554, -6.0, -9.0, 251.0, 2.53, 4.41, -116.37
15.575, -4.0, -1.0, 255.0, 2.39, 4.51, -116.37
15.593, -6.0, 3.0, 260.0, 2.41, 4.55, -116.34
15.616, -2.0, -6.0, 252.0, 2.53, 4.61, -116.32
15.633, 3.0, -4.0, 261.0, 2.45, 4.58, -116.3
15.653, 0.0, -5.0, 258.0, 2.4, 4.48, -116.26
15.674, -4.0, -4.0, 245.0, 2.35, 4.44, -116.22
15.693, -4.0, 5.0, 258.0, 2.34, 4.48, -116.2
15.714, 2.0, -3.0, 252.0, 2.51, 4.49, -116.18
15.735, 6.0, -6.0, 256.0, 2.47, 4.36, -116.14
15.753, 8.0, -2.0, 257.0, 2.36, 4.13, -116.12
15.773, 8.0, -1.0, 257.0, 2.35, 3.89, -116.1
15.793, 5.0, 2.0, 261.0, 2.37, 3.69, -116.09
15.813, -7.0, -4.0, 256.0, 2.47, 3.59, -116.07
15.835, -6.0, -4.0, 255.0, 2.41, 3.74, -116.06
15.855, -3.0, 2.0, 259.0, 2.36, 3.86, -116.05
15.874, -1.0, -3.0, 258.0, 2.45, 3.91, -116.05
15.894, -5.0, -5.0, 254.0, 2.42, 3.91, -116.06
15.915, -8.0, 1.0, 252.0, 2.36, 3.99, -116.08
15.934, -2.0, -4.0, 255.0, 2.43, 4.12, -116.08
15.954, -1.0, -5.0, 257.0, 2.37, 4.11, -116.09
15.975, -2.0, -4.0, 257.0, 2.29, 4.08, -116.1
15.994, -3.0, -2.0, 255.0, 2.25, 4.06, -116.1
16.013, -3.0, 0.0, 258.0, 2.25, 4.08, -116.1
16.033, -4.0, -3.0, 256.0, 2.3, 4.1, -116.1
16.054, -4.0, 1.0, 256.0, 2.28, 4.13, -116.11
16.073, -5.0, -2.0, 256.0, 2.34, 4.16, -116.12
16.095, -3.0, -4.0, 258.0, 2.33, 4.21, -116.13
16.114, -2.0, -2.0, 257.0, 2.29, 4.21, -116.13
16.134, -4.0, -1.0, 256.0, 2.29, 4.18, -116.12
16.153, -5.0, -5.0, 256.0, 2.31, 4.2, -116.12
16.175, -2.0, -4.0, 258.0, 2.23, 4.24, -116.12
16.193, -4.0, 1.0, 256.0, 2.2, 4.21, -116.12
16.216, -4.0, -1.0, 258.0, 2.27, 4.23, -116.11
16.234, -4.0, -4.0, 255.0, 2.29, 4.24, -116.1
16.254, -4.0, -4.0, 251.0, 2.25, 4.25, -116.1
16.274, -4.0, -2.0, 255.0, 2.22, 4.28, -116.09
16.294, -2.0, -3.0, 255.0, 2.22, 4.29, -116.08
16.314, -3.0, -4.0, 257.0, 2.21, 4.26, -116.07
16.335, -3.0, -3.0, 257.0, 2.16, 4.25, -116.06
16.354, -4.0, -2.0, 257.0, 2.15, 4.23, -116.06
16.373, -4.0, -2.0, 257.0, 2.16, 4.24, -116.05
16.394, -4.0, -3.0, 257.0, 2.17, 4.25, -116.05
16.413, -4.0, -2.0, 257.0, 2.15, 4.26, -116.05
16.434, -3.0, -2.0, 257.0, 2.16, 4.27, -116.05
16.455, -3.0, -3.0, 257.0, 2.16, 4.25, -116.04
16.474, -4.0, -2.0, 257.0, 2.15, 4.24, -116.03
16.493, -4.0, -3.0, 257.0, 2.16, 4.25, -116.01
16.514, -4.0, -2.0, 257.0, 2.14, 4.26, -116.0
16.533, -3.0, 0.0, 258.0, 2.15, 4.26, -115.99
16.555, -4.0, -2.0, 256.0, 2.2, 4.24, -115.98
16.575, -4.0, -4.0, 257.0, 2.2, 4.25, -115.97
16.594, -4.0, -3.0, 256.0, 2.16, 4.25, -115.97
16.614, -3.0, -1.0, 256.0, 2.14, 4.26, -115.97
16.634, -3.0, -3.0, 256.0, 2.17, 4.24, -115.97
16.654, -4.0, -3.0, 256.0, 2.15, 4.23, -115.97
16.674, -4.0, -3.0, 256.0, 2.13, 4.23, -115.97
16.695, -4.0, -1.0, 257.0, 2.11, 4.24, -115.97
16.714, -4.0, -3.0, 256.0, 2.14, 4.25, -115.96
16.734, -4.0, -2.0, 257.0, 2.12, 4.25, -115.95
16.754, -3.0, -2.0, 257.0, 2.13, 4.25, -115.95
16.774, -3.0, -2.0, 256.0, 2.13, 4.23, -115.94
16.794, -3.0, -3.0, 257.0, 2.14, 4.21, -115.93
16.816, -4.0, -2.0, 256.0, 2.12, 4.2, -115.93
16.834, -3.0, -2.0, 256.0, 2.13, 4.21, -115.92
16.855, -4.0, -2.0, 257.0, 2.13, 4.18, -115.92
16.874, -4.0, -2.0, 257.0, 2.14, 4.19, -115.91
16.894, -4.0, -2.0, 257.0, 2.14, 4.2, -115.91
16.914, -4.0, -2.0, 256.0, 2.15, 4.2, -115.9
16.935, -3.0, -3.0, 257.0, 2.15, 4.2, -115.9
16.954, -3.0, -3.0, 257.0, 2.13, 4.19, -115.91
16.974, -4.0, -3.0, 256.0, 2.11, 4.17, -115.92
16.994, -4.0, -3.0, 256.0, 2.09, 4.18, -115.93
17.014, -4.0, -2.0, 256.0, 2.07, 4.18, -115.93
17.034, -4.0, -2.0, 257.0, 2.08, 4.19, -115.94
17.055, -4.0, -3.0, 256.0, 2.09, 4.19, -115.95
17.074, -4.0, -2.0, 257.0, 2.07, 4.19, -115.95
17.093, -3.0, -3.0, 257.0, 2.08, 4.2, -115.94
17.115, -4.0, -2.0, 257.0, 2.06, 4.18, -115.94
17.133, -4.0, -2.0, 256.0, 2.07, 4.18, -115.94
17.155, -4.0, -1.0, 257.0, 2.08, 4.18, -115.94
17.175, -4.0, -3.0, 256.0, 2.11, 4.18, -115.93
17.195, -4.0, -2.0, 256.0, 2.08, 4.18, -115.93
17.214, -4.0, -2.0, 257.0, 2.09, 4.18, -115.93
17.234, -4.0, -2.0, 256.0, 2.09, 4.18, -115.93
17.254, -3.0, -3.0, 257.0, 2.1, 4.18, -115.93
17.274, -4.0, -1.0, 257.0, 2.08, 4.16, -115.93
17.295, -3.0, -3.0, 257.0, 2.11, 4.16, -115.92
17.314, -4.0, -3.0, 256.0, 2.09, 4.14, -115.92
17.334, -4.0, -2.0, 257.0, 2.06, 4.15, -115.92
17.354, -3.0, -2.0, 257.0, 2.07, 4.15, -115.92
17.374, -3.0, -2.0, 256.0, 2.08, 4.13, -115.92
17.394, -4.0, -2.0, 257.0, 2.08, 4.11, -115.92
17.415, -4.0, -2.0, 257.0, 2.08, 4.12, -115.91
17.434, -4.0, -2.0, 256.0, 2.09, 4.12, -115.91
17.455, -3.0, -2.0, 256.0, 2.09, 4.13, -115.92
17.474, -4.0, -2.0, 256.0, 2.09, 4.1, -115.92
17.495, -4.0, -2.0, 257.0, 2.09, 4.11, -115.93
17.514, -4.0, -2.0, 257.0, 2.09, 4.11, -115.93
17.536, -4.0, -2.0, 257.0, 2.09, 4.11, -115.94
17.554, -3.0, -2.0, 256.0, 2.09, 4.12, -115.94
17.574, -3.0, -3.0, 256.0, 2.09, 4.09, -115.95
17.593, -4.0, -1.0, 257.0, 2.07, 4.07, -115.96
17.614, -3.0, -2.0, 256.0, 2.1, 4.08, -115.97
17.634, -4.0, -2.0, 257.0, 2.09, 4.06, -115.97
17.655, -4.0, -2.0, 257.0, 2.09, 4.07, -115.98
17.674, -4.0, -2.0, 256.0, 2.09, 4.08, -115.97
17.694, -3.0, -2.0, 256.0, 2.09, 4.08, -115.97
17.713, -4.0, -2.0, 257.0, 2.08, 4.06, -115.96
17.734, -3.0, -2.0, 256.0, 2.08, 4.06, -115.96
17.755, -4.0, -2.0, 257.0, 2.08, 4.05, -115.96
17.775, -4.0, -2.0, 256.0, 2.08, 4.05, -115.95
17.795, -4.0, -3.0, 257.0, 2.08, 4.06, -115.95
17.814, -4.0, -2.0, 256.0, 2.06, 4.06, -115.95
17.835, -4.0, -2.0, 257.0, 2.06, 4.06, -115.95
17.854, -4.0, -2.0, 257.0, 2.06, 4.06, -115.94
17.874, -3.0, -2.0, 257.0, 2.06, 4.06, -115.94
17.895, -4.0, -3.0, 256.0, 2.06, 4.05, -115.94
17.914, -4.0, -2.0, 257.0, 2.04, 4.05, -115.94
17.934, -4.0, -2.0, 257.0, 2.04, 4.05, -115.95
17.954, -4.0, -2.0, 257.0, 2.04, 4.06, -115.95
17.974, -4.0, -2.0, 256.0, 2.04, 4.06, -115.96
17.994, -4.0, -2.0, 256.0, 2.04, 4.06, -115.96
18.015, -4.0, -2.0, 256.0, 2.04, 4.06, -115.97
18.034, -3.0, -2.0, 257.0, 2.04, 4.06, -115.96
18.054, -4.0, -2.0, 257.0, 2.04, 4.04, -115.96
18.074, -3.0, -2.0, 256.0, 2.04, 4.04, -115.96
18.095, -4.0, -2.0, 257.0, 2.03, 4.02, -115.95
18.114, -3.0, -3.0, 256.0, 2.03, 4.02, -115.95
18.136, -4.0, -2.0, 257.0, 2.01, 4.0, -115.95
18.153, -4.0, -3.0, 257.0, 2.01, 4.0, -115.95
18.173, -3.0, -2.0, 256.0, 1.99, 4.0, -115.95
18.193, -4.0, -3.0, 257.0, 2.0, 3.98, -115.95
18.214, -3.0, -2.0, 256.0, 1.98, 3.98, -115.96
18.234, -3.0, -2.0, 257.0, 1.98, 3.96, -115.96
18.255, -3.0, -2.0, 257.0, 1.98, 3.94, -115.96
18.274, -3.0, -2.0, 256.0, 1.99, 3.93, -115.96
18.293, -4.0, -2.0, 257.0, 1.99, 3.91, -115.96
18.314, -3.0, -2.0, 256.0, 1.99, 3.92, -115.96
18.334, -3.0, -2.0, 256.0, 1.99, 3.91, -115.96
18.353, -3.0, -2.0, 256.0, 1.99, 3.9, -115.96
18.375, -3.0, -3.0, 257.0, 1.99, 3.89, -115.96
18.395, -3.0, -2.0, 257.0, 1.97, 3.87, -115.96
18.414, -3.0, -2.0, 256.0, 1.98, 3.86, -115.96
18.435, -4.0, -3.0, 256.0, 1.98, 3.85, -115.96
18.454, -3.0, -2.0, 257.0, 1.96, 3.86, -115.96
18.475, -4.0, -2.0, 257.0, 1.96, 3.85, -115.96
18.495, -3.0, -2.0, 256.0, 1.97, 3.86, -115.96
18.514, -4.0, -2.0, 258.0, 1.97, 3.85, -115.95
18.534, -3.0, -3.0, 256.0, 1.97, 3.87, -115.94
18.554, -4.0, -2.0, 257.0, 1.95, 3.85, -115.94
18.574, -4.0, -2.0, 257.0, 1.96, 3.86, -115.93
18.593, -4.0, -2.0, 257.0, 1.96, 3.87, -115.92
18.615, -4.0, -2.0, 257.0, 1.96, 3.88, -115.91
18.633, -3.0, -3.0, 256.0, 1.96, 3.89, -115.91
18.654, -3.0, -2.0, 257.0, 1.94, 3.87, -115.91
18.674, -4.0, -3.0, 256.0, 1.94, 3.86, -115.9
18.694, -3.0, -2.0, 256.0, 1.92, 3.87, -115.9
18.714, -3.0, -2.0, 256.0, 1.92, 3.85, -115.9
18.736, -4.0, -2.0, 257.0, 1.92, 3.84, -115.9
18.754, -4.0, -2.0, 257.0, 1.93, 3.85, -115.91
18.775, -4.0, -2.0, 256.0, 1.93, 3.86, -115.92
18.794, -4.0, -2.0, 257.0, 1.94, 3.86, -115.93
18.814, -4.0, -2.0, 257.0, 1.94, 3.87, -115.94
18.834, -4.0, -3.0, 256.0, 1.94, 3.87, -115.94
18.855, -4.0, -2.0, 256.0, 1.92, 3.88, -115.95
18.874, -4.0, -3.0, 258.0, 1.92, 3.88, -115.96
18.894, -3.0, -2.0, 256.0, 1.9, 3.88, -115.97
18.913, -4.0, -2.0, 256.0, 1.9, 3.86, -115.98
18.934, -4.0, -2.0, 257.0, 1.91, 3.87, -115.99
18.954, -4.0, -3.0, 256.0, 1.91, 3.87, -115.99
18.975, -4.0, -2.0, 256.0, 1.89, 3.87, -116.0
18.994, -4.0, -2.0, 257.0, 1.89, 3.87, -116.01
19.013, -3.0, -3.0, 257.0, 1.9, 3.88, -116.01
19.035, -3.0, -2.0, 256.0, 1.88, 3.86, -116.02
19.054, -4.0, -2.0, 256.0, 1.88, 3.84, -116.02
19.075, -3.0, -2.0, 256.0, 1.88, 3.84, -116.03
19.095, -3.0, -3.0, 257.0, 1.89, 3.82, -116.04
19.115, -3.0, -2.0, 256.0, 1.87, 3.81, -116.04
19.134, -4.0, -2.0, 257.0, 1.88, 3.79, -116.05
19.153, -3.0, -3.0, 257.0, 1.88, 3.79, -116.06
19.174, -3.0, -2.0, 256.0, 1.86, 3.77, -116.06
19.194, -3.0, -2.0, 256.0, 1.87, 3.76, -116.07
19.215, -4.0, -2.0, 256.0, 1.87, 3.75, -116.07
19.233, -4.0, -3.0, 256.0, 1.88, 3.76, -116.07
19.254, -4.0, -3.0, 257.0, 1.86, 3.77, -116.08
19.274, -4.0, -2.0, 256.0, 1.84, 3.77, -116.08
19.293, -3.0, -2.0, 256.0, 1.84, 3.78, -116.08
19.314, -4.0, -2.0, 257.0, 1.85, 3.76, -116.08
19.335, -4.0, -3.0, 257.0, 1.85, 3.77, -116.09
19.354, -4.0, -2.0, 257.0, 1.84, 3.78, -116.09
19.374, -4.0, -2.0, 257.0, 1.85, 3.78, -116.09
19.394, -4.0, -2.0, 256.0, 1.85, 3.79, -116.09
19.414, -3.0, -2.0, 256.0, 1.85, 3.79, -116.09
19.434, -4.0, -2.0, 257.0, 1.86, 3.77, -116.09
19.456, -3.0, -2.0, 256.0, 1.86, 3.78, -116.09
19.474, -4.0, -2.0, 257.0, 1.86, 3.76, -116.09
19.494, -4.0, -3.0, 257.0, 1.86, 3.76, -116.09
19.514, -3.0, -2.0, 256.0, 1.85, 3.77, -116.1
19.533, -4.0, -2.0, 257.0, 1.85, 3.75, -116.1
19.554, -4.0, -2.0, 257.0, 1.86, 3.75, -116.1
19.575, -4.0, -2.0, 256.0, 1.86, 3.76, -116.1
19.594, -4.0, -2.0, 257.0, 1.86, 3.76, -116.09
19.613, -3.0, -2.0, 256.0, 1.86, 3.76, -116.09
19.634, -5.0, -2.0, 257.0, 1.86, 3.74, -116.08
19.654, -3.0, -3.0, 257.0, 1.86, 3.77, -116.07
19.675, -4.0, -3.0, 257.0, 1.84, 3.75, -116.07
19.695, -4.0, -2.0, 257.0, 1.82, 3.76, -116.06
19.714, -3.0, -3.0, 257.0, 1.83, 3.76, -116.06
19.734, -4.0, -2.0, 256.0, 1.81, 3.74, -116.06
19.753, -4.0, -3.0, 256.0, 1.81, 3.74, -116.06
19.773, -3.0, -2.0, 257.0, 1.79, 3.75, -116.07
19.793, -4.0, -2.0, 257.0, 1.8, 3.72, -116.07
19.815, -3.0, -3.0, 257.0, 1.8, 3.73, -116.07
19.833, -3.0, -2.0, 256.0, 1.79, 3.71, -116.07
19.854, -3.0, -3.0, 257.0, 1.79, 3.69, -116.07
19.873, -3.0, -3.0, 257.0, 1.78, 3.67, -116.08
19.894, -5.0, -2.0, 257.0, 1.76, 3.66, -116.08
19.913, -4.0, -2.0, 256.0, 1.77, 3.69, -116.08
19.935, -3.0, -2.0, 256.0, 1.78, 3.7, -116.09
19.953, -3.0, -2.0, 256.0, 1.78, 3.68, -116.09
19.974, -4.0, -3.0, 256.0, 1.79, 3.66, -116.1
19.994, -4.0, -3.0, 256.0, 1.77, 3.67, -116.11
20.014, -4.0, -2.0, 257.0, 1.75, 3.68, -116.12
20.034, -4.0, -2.0, 257.0, 1.76, 3.68, -116.12
20.056, -4.0, -2.0, 256.0, 1.76, 3.69, -116.13
20.074, -4.0, -2.0, 256.0, 1.77, 3.69, -116.14
20.094, -4.0, -2.0, 257.0, 1.77, 3.69, -116.15
20.114, -3.0, -2.0, 257.0, 1.78, 3.69, -116.15
20.134, -3.0, -2.0, 257.0, 1.78, 3.67, -116.16
20.154, -3.0, -2.0, 256.0, 1.79, 3.65, -116.17
20.175, -3.0, -3.0, 257.0, 1.79, 3.64, -116.18
20.194, -4.0, -2.0, 257.0, 1.77, 3.62, -116.18
20.213, -3.0, -2.0, 256.0, 1.77, 3.63, -116.19
20.234, -3.0, -2.0, 256.0, 1.77, 3.61, -116.19
20.253, -4.0, -2.0, 257.0, 1.78, 3.6, -116.2
20.274, -3.0, -2.0, 256.0, 1.78, 3.61, -116.2
20.295, -3.0, -3.0, 257.0, 1.78, 3.59, -116.2
20.314, -3.0, -2.0, 257.0, 1.76, 3.58, -116.21
20.333, -4.0, -2.0, 257.0, 1.77, 3.57, -116.21
20.355, -4.0, -2.0, 256.0, 1.77, 3.58, -116.21
20.374, -4.0, -2.0, 256.0, 1.77, 3.59, -116.22
20.393, -3.0, -2.0, 256.0, 1.77, 3.6, -116.22
20.415, -3.0, -2.0, 257.0, 1.77, 3.59, -116.23
20.434, -3.0, -2.0, 256.0, 1.78, 3.57, -116.22
20.454, -3.0, -2.0, 256.0, 1.78, 3.56, -116.22
20.474, -4.0, -2.0, 257.0, 1.78, 3.54, -116.22
20.493, -4.0, -2.0, 257.0, 1.78, 3.56, -116.22
20.513, -4.0, -2.0, 257.0, 1.78, 3.57, -116.22
20.535, -4.0, -2.0, 257.0, 1.78, 3.57, -116.22
20.553, -3.0, -2.0, 256.0, 1.78, 3.58, -116.22
20.574, -3.0, -2.0, 256.0, 1.78, 3.56, -116.22
20.594, -3.0, -2.0, 256.0, 1.78, 3.55, -116.23
20.613, -3.0, -2.0, 256.0, 1.78, 3.54, -116.23
20.633, -4.0, -2.0, 257.0, 1.78, 3.53, -116.23
20.656, -3.0, -2.0, 256.0, 1.77, 3.54, -116.23
20.674, -3.0, -2.0, 256.0, 1.77, 3.53, -116.24
20.695, -4.0, -2.0, 256.0, 1.77, 3.52, -116.26
20.714, -4.0, -2.0, 257.0, 1.77, 3.53, -116.27
20.733, -3.0, -2.0, 257.0, 1.77, 3.54, -116.28
20.754, -4.0, -2.0, 256.0, 1.77, 3.53, -116.3
20.775, -4.0, -2.0, 256.0, 1.76, 3.54, -116.31
20.793, -4.0, -3.0, 256.0, 1.76, 3.55, -116.33
20.813, -4.0, -2.0, 257.0, 1.74, 3.56, -116.34
20.833, -3.0, -2.0, 256.0, 1.74, 3.56, -116.36
20.854, -4.0, -3.0, 256.0, 1.74, 3.54, -116.37
20.874, -3.0, -2.0, 256.0, 1.72, 3.55, -116.39
20.895, -4.0, -2.0, 256.0, 1.72, 3.53, -116.4
20.914, -4.0, -2.0, 256.0, 1.72, 3.53, -116.41
20.934, -4.0, -2.0, 256.0, 1.72, 3.54, -116.41
20.955, -3.0, -2.0, 257.0, 1.72, 3.54, -116.41
20.973, -3.0, -2.0, 257.0, 1.72, 3.53, -116.42
20.995, -3.0, -2.0, 256.0, 1.73, 3.51, -116.42
21.015, -4.0, -2.0, 257.0, 1.73, 3.5, -116.43
21.033, -4.0, -2.0, 257.0, 1.73, 3.5, -116.43
21.053, -4.0, -2.0, 257.0, 1.73, 3.51, -116.43
21.074, -4.0, -2.0, 257.0, 1.73, 3.52, -116.43
21.093, -3.0, -3.0, 257.0, 1.73, 3.53, -116.43
21.113, -3.0, -3.0, 257.0, 1.71, 3.51, -116.43
21.135, -4.0, -2.0, 257.0, 1.69, 3.49, -116.44
21.153, -3.0, -3.0, 257.0, 1.69, 3.5, -116.44
21.173, -4.0, -2.0, 256.0, 1.67, 3.48, -116.45
21.193, -4.0, -3.0, 257.0, 1.67, 3.49, -116.46
21.213, -4.0, -2.0, 257.0, 1.66, 3.5, -116.46
21.233, -4.0, -2.0, 257.0, 1.66, 3.5, -116.47
21.255, -3.0, -3.0, 257.0, 1.67, 3.51, -116.48
21.273, -4.0, -2.0, 258.0, 1.65, 3.49, -116.48
21.294, -3.0, -3.0, 257.0, 1.65, 3.5, -116.48
21.314, -4.0, -2.0, 257.0, 1.64, 3.48, -116.49
21.334, -4.0, -2.0, 257.0, 1.64, 3.49, -116.49
21.353, -4.0, -2.0, 257.0, 1.65, 3.49, -116.49
21.376, -3.0, -2.0, 256.0, 1.65, 3.5, -116.5
21.394, -3.0, -2.0, 256.0, 1.65, 3.48, -116.5
21.414, -4.0, -2.0, 257.0, 1.65, 3.47, -116.5
21.433, -4.0, -2.0, 257.0, 1.66, 3.47, -116.5
21.453, -3.0, -2.0, 257.0, 1.66, 3.48, -116.5
21.473, -4.0, -2.0, 256.0, 1.67, 3.46, -116.5
21.495, -3.0, -2.0, 256.0, 1.67, 3.46, -116.5
21.514, -3.0, -2.0, 256.0, 1.67, 3.45, -116.49
21.534, -4.0, -2.0, 257.0, 1.67, 3.43, -116.49
21.554, -3.0, -3.0, 257.0, 1.67, 3.44, -116.48
21.573, -3.0, -2.0, 257.0, 1.65, 3.42, -116.48
21.595, -4.0, -2.0, 256.0, 1.65, 3.41, -116.47
21.615, -3.0, -3.0, 257.0, 1.65, 3.42, -116.47
21.634, -3.0, -2.0, 256.0, 1.63, 3.41, -116.47
21.653, -3.0, -2.0, 256.0, 1.63, 3.4, -116.47
21.675, -3.0, -2.0, 256.0, 1.63, 3.39, -116.48
21.693, -4.0, -2.0, 257.0, 1.63, 3.37, -116.48
21.713, -4.0, -2.0, 256.0, 1.63, 3.39, -116.48
21.735, -4.0, -3.0, 257.0, 1.64, 3.4, -116.49
21.754, -3.0, -2.0, 257.0, 1.62, 3.41, -116.49
21.774, -4.0, -2.0, 257.0, 1.62, 3.39, -116.48
21.793, -4.0, -2.0, 257.0, 1.63, 3.4, -116.48
21.813, -4.0, -2.0, 257.0, 1.63, 3.41, -116.48
21.833, -4.0, -2.0, 257.0, 1.63, 3.41, -116.48
21.855, -3.0, -2.0, 256.0, 1.63, 3.42, -116.48
21.874, -4.0, -2.0, 256.0, 1.63, 3.4, -116.47
21.894, -4.0, -2.0, 257.0, 1.63, 3.41, -116.47
21.914, -4.0, -2.0, 257.0, 1.64, 3.41, -116.46
21.935, -4.0, -2.0, 257.0, 1.64, 3.42, -116.46
21.954, -3.0, -2.0, 256.0, 1.64, 3.43, -116.46
21.976, -4.0, -2.0, 257.0, 1.63, 3.41, -116.45
21.994, -4.0, -2.0, 256.0, 1.64, 3.41, -116.46
22.014, -3.0, -2.0, 256.0, 1.63, 3.42, -116.46
22.034, -3.0, -2.0, 257.0, 1.63, 3.4, -116.47
22.054, -3.0, -2.0, 256.0, 1.63, 3.38, -116.47
22.074, -4.0, -3.0, 257.0, 1.63, 3.37, -116.47
22.095, -4.0, -3.0, 257.0, 1.61, 3.38, -116.48
22.114, -3.0, -2.0, 257.0, 1.59, 3.38, -116.48
22.134, -4.0, -2.0, 257.0, 1.59, 3.36, -116.48
22.153, -3.0, -2.0, 256.0, 1.6, 3.37, -116.48
22.173, -3.0, -3.0, 256.0, 1.6, 3.35, -116.48
22.193, -3.0, -2.0, 256.0, 1.58, 3.33, -116.48
22.215, -4.0, -2.0, 257.0, 1.58, 3.31, -116.48
22.235, -4.0, -3.0, 257.0, 1.58, 3.32, -116.48
22.253, -3.0, -2.0, 256.0, 1.57, 3.33, -116.48
22.275, -3.0, -2.0, 257.0, 1.57, 3.32, -116.47
22.294, -3.0, -3.0, 257.0, 1.57, 3.31, -116.47
22.313, -4.0, -2.0, 256.0, 1.55, 3.3, -116.47
22.335, -4.0, -3.0, 257.0, 1.56, 3.31, -116.47
22.354, -4.0, -2.0, 257.0, 1.54, 3.32, -116.48
22.374, -3.0, -2.0, 257.0, 1.55, 3.33, -116.48
22.393, -3.0, -2.0, 257.0, 1.55, 3.31, -116.49
22.414, -4.0, -2.0, 257.0, 1.56, 3.3, -116.49
22.434, -3.0, -2.0, 257.0, 1.56, 3.31, -116.5
22.455, -4.0, -2.0, 257.0, 1.57, 3.29, -116.5
22.473, -3.0, -2.0, 257.0, 1.57, 3.3, -116.51
22.494, -3.0, -3.0, 257.0, 1.57, 3.29, -116.52
22.514, -3.0, -2.0, 256.0, 1.55, 3.28, -116.53
22.534, -3.0, -2.0, 256.0, 1.55, 3.26, -116.54
22.554, -3.0, -2.0, 257.0, 1.56, 3.25, -116.54
22.576, -4.0, -2.0, 256.0, 1.56, 3.24, -116.55
22.594, -3.0, -3.0, 257.0, 1.56, 3.25, -116.56
22.615, -4.0, -3.0, 257.0, 1.54, 3.24, -116.58
22.634, -3.0, -2.0, 257.0, 1.52, 3.26, -116.59
22.654, -3.0, -2.0, 257.0, 1.53, 3.25, -116.6
22.674, -3.0, -2.0, 256.0, 1.53, 3.24, -116.61
22.695, -3.0, -3.0, 257.0, 1.54, 3.23, -116.62
22.714, -3.0, -2.0, 256.0, 1.52, 3.22, -116.63
22.734, -4.0, -2.0, 257.0, 1.52, 3.21, -116.64
22.754, -3.0, -2.0, 256.0, 1.53, 3.23, -116.65
22.774, -4.0, -2.0, 256.0, 1.53, 3.21, -116.66
22.794, -4.0, -2.0, 256.0, 1.54, 3.23, -116.67
22.815, -4.0, -2.0, 257.0, 1.54, 3.24, -116.68
22.834, -3.0, -2.0, 256.0, 1.54, 3.25, -116.69
22.854, -3.0, -2.0, 256.0, 1.54, 3.23, -116.7
22.875, -4.0, -2.0, 256.0, 1.54, 3.22, -116.71
22.894, -3.0, -2.0, 257.0, 1.54, 3.23, -116.72
22.915, -4.0, -2.0, 257.0, 1.54, 3.22, -116.73
22.935, -4.0, -2.0, 256.0, 1.54, 3.24, -116.74
22.955, -3.0, -3.0, 257.0, 1.54, 3.24, -116.74
22.974, -4.0, -2.0, 257.0, 1.51, 3.23, -116.75
22.994, -3.0, -2.0, 256.0, 1.51, 3.25, -116.76
23.014, -3.0, -2.0, 257.0, 1.52, 3.23, -116.77
23.034, -3.0, -2.0, 256.0, 1.52, 3.21, -116.77
23.055, -3.0, -2.0, 256.0, 1.52, 3.2, -116.78
23.074, -4.0, -3.0, 257.0, 1.52, 3.19, -116.78
23.093, -4.0, -2.0, 256.0, 1.5, 3.2, -116.79
23.114, -4.0, -3.0, 257.0, 1.5, 3.21, -116.79
23.134, -3.0, -2.0, 257.0, 1.48, 3.22, -116.79
23.153, -3.0, -2.0, 257.0, 1.49, 3.2, -116.8
23.175, -4.0, -2.0, 256.0, 1.49, 3.19, -116.8
23.194, -4.0, -2.0, 257.0, 1.49, 3.2, -116.81
23.215, -3.0, -2.0, 256.0, 1.5, 3.21, -116.81
23.234, -3.0, -2.0, 256.0, 1.5, 3.19, -116.82
23.255, -3.0, -3.0, 257.0, 1.5, 3.18, -116.83
23.274, -3.0, -2.0, 256.0, 1.48, 3.17, -116.84
23.296, -4.0, -3.0, 257.0, 1.48, 3.16, -116.84
23.314, -3.0, -2.0, 256.0, 1.46, 3.17, -116.85
23.334, -4.0, -2.0, 256.0, 1.46, 3.17, -116.85
23.354, -3.0, -2.0, 256.0, 1.47, 3.18, -116.86
